37_1	55	16	35.59583333	3.4375
37_1	49	16	49.39583333	3.0625
37_1	92	16	58.33333333	5.75
37_1	330	16	518.25	20.625
37_1	817	16	2337.2625	51.0625
37_1	715	16	1307.1625	44.6875
37_1	320	16	303.6	20
37_1	50	16	14.25	3.125
37_1	120	16	67.73333333	7.5
37_1	244	16	337.5333333	15.25
37_1	161	16	92.19583333	10.0625
37_1	131	16	51.89583333	8.1875
37_1	193	16	214.3291667	12.0625
37_1	118	16	92.91666667	7.375
38_1	7	30	0.233333333	0.254022989
38_1	11	30	0.366666667	0.240229885
38_1	30	30	1	1.793103448
38_1	12	30	0.4	0.248275862
38_1	5	30	0.166666667	0.143678161
38_1	200	30	6.666666667	18.64367816
38_1	29	30	0.966666667	1.481609195
38_1	40	30	1.333333333	0.505747126
38_1	28	30	0.933333333	0.064367816
38_1	33	30	1.1	0.575862069
38_1	71	30	2.366666667	0.37816092
38_1	19	30	0.633333333	0.37816092
38_1	40	30	1.333333333	0.298850575
38_1	41	30	1.366666667	0.516091954
38_1	144	30	4.8	1.95862069
38_1	383	30	12.73333333	13.42643678
38_1	472	29	16.18965517	16.54310345
38_1	132	30	4.4	6.248275862
38_1	80	30	2.666666667	1.264367816
38_1	29	30	0.966666667	0.309195402
38_1	46	30	1.533333333	0.602298851
38_1	109	30	3.633333333	2.722988506
38_1	61	30	2.033333333	1.205747126
38_1	551	30	18.28333333	56.99454023
38_1	38	30	1.266666667	0.822988506
38_1	160	30	5.333333333	4.781609195
38_1	304	30	10.08333333	5.001436782
38_1	8	30	0.266666667	0.271264368
38_1	994	30	33.03333333	43.08505747
38_1	105	30	3.5	1.775862069
38_1	65	30	2.166666667	2.557471264
38_1	19	30	0.633333333	0.516091954
38_1	2	30	0.066666667	0.064367816
38_1	178	30	5.816666667	40.85316092
38_1	103	30	3.3	2.94137931
38_1	18	30	0.6	0.868965517
38_1	7	30	0.233333333	0.185057471
38_1	86	29	2.948275862	3.756157635
38_1	136	30	4.516666667	14.21522989
38_1	3	30	0.1	0.093103448
38_1	3	30	0.1	0.093103448
38_1	3	30	0.1	0.162068966
38_1	72	30	2.4	1.144827586
38_1	174	30	5.683333333	8.715229885
38_1	2	30	0.066666667	0.064367816
39_1	5	36	0.138888889	0.18015873
39_1	11	31	0.35483871	0.569892473
39_1	125	42	2.976190476	1.536004646
39_1	77	41	1.87804878	0.559756098
39_1	66	31	2.129032258	1.516129032
39_1	391	41	9.536585366	252.004878
39_1	8	28	0.285714286	0.285714286
39_1	6	13	0.461538462	0.435897436
39_1	46	30	1.533333333	1.498850575
39_1	27	37	0.72972973	1.091591592
39_1	72	37	1.945945946	1.552552553
39_1	50	39	1.282051282	2.102564103
39_1	6	42	0.142857143	0.466898955
39_1	85	40	2.125	8.727564103
39_1	157	42	3.738095238	3.710220674
39_1	77	40	1.925	2.276282051
39_1	132	37	3.567567568	10.1966967
39_1	54	42	1.285714286	4.452961672
39_1	39	36	1.083333333	1.964285714
39_1	930	42	22.14285714	16.71080139
39_1	2	42	0.047619048	0.095238095
39_1	528	42	12.57142857	18.29965157
39_1	420	42	10	7.951219512
39_1	43	40	1.075	1.507051282
39_1	103	40	2.575	3.276282051
39_1	530	42	12.61904762	22.38792102
39_1	685	41	16.70731707	161.0621951
39_1	142	42	3.380952381	3.265969803
39_1	157	38	4.131578947	5.36059744
39_1	55	41	1.341463415	6.030487805
39_1	11	39	0.282051282	1.102564103
39_2	3	14	0.214285714	0.335164835
39_2	1	13	0.076923077	0.076923077
39_2	40	15	2.666666667	0.80952381
39_2	24	14	1.714285714	0.21978022
39_2	17	14	1.214285714	0.950549451
39_2	2	14	0.142857143	0.285714286
39_2	1	12	0.083333333	0.083333333
39_2	21	13	1.615384615	1.423076923
39_2	2	14	0.142857143	0.285714286
39_2	8	10	0.8	0.622222222
39_2	7	11	0.636363636	0.854545455
39_2	14	15	0.933333333	1.638095238
39_2	47	15	3.133333333	2.695238095
39_2	37	13	2.846153846	2.807692308
39_2	8	12	0.666666667	1.515151515
39_2	6	14	0.428571429	0.571428571
39_2	313	15	20.86666667	17.12380952
39_2	3	14	0.214285714	0.181318681
39_2	194	15	12.93333333	12.78095238
39_2	187	15	12.46666667	11.98095238
39_2	8	10	0.8	1.288888889
39_2	26	14	1.857142857	0.747252747
39_2	124	15	8.266666667	8.20952381
39_2	132	15	8.8	47.02857143
39_2	2	15	0.133333333	0.266666667
39_2	45	15	3	0.857142857
39_2	42	15	2.8	2.171428571
39_2	1	14	0.071428571	0.071428571
39_3	21	15	1.4	1.114285714
39_3	25	14	1.785714286	0.489010989
39_3	18	13	1.384615385	0.423076923
39_3	22	13	1.692307692	7.230769231
39_3	17	13	1.307692308	0.897435897
39_3	2	4	0.5	0.333333333
39_3	26	14	1.857142857	1.516483516
39_3	8	12	0.666666667	1.151515152
39_3	16	12	1.333333333	0.787878788
39_3	1	15	0.066666667	0.066666667
39_3	18	15	1.2	1.457142857
39_3	2	13	0.153846154	0.307692308
39_3	30	14	2.142857143	1.054945055
39_3	23	13	1.769230769	2.858974359
39_3	1	14	0.071428571	0.071428571
39_3	1	10	0.1	0.1
39_3	306	15	20.4	8.542857143
39_3	2	14	0.142857143	0.285714286
39_3	144	15	9.6	8.257142857
39_3	114	15	7.6	11.4
39_3	9	13	0.692307692	0.730769231
39_3	7	12	0.583333333	0.628787879
39_3	249	15	16.6	33.68571429
39_3	136	15	9.066666667	23.35238095
39_3	49	15	3.266666667	1.923809524
39_3	36	15	2.4	0.542857143
39_4	14	12	1.166666667	0.696969697
39_4	23	15	1.533333333	0.552380952
39_4	9	13	0.692307692	0.730769231
39_4	10	13	0.769230769	0.858974359
39_4	2	5	0.4	0.3
39_4	24	13	1.846153846	1.141025641
39_4	4	14	0.285714286	0.373626374
39_4	12	13	0.923076923	0.743589744
39_4	16	14	1.142857143	0.901098901
39_4	30	14	2.142857143	0.747252747
39_4	10	12	0.833333333	1.242424242
39_4	3	15	0.2	0.314285714
39_4	9	12	0.75	0.75
39_4	274	15	18.26666667	15.4952381
39_4	142	15	9.466666667	16.98095238
39_4	108	15	7.2	10.02857143
39_4	6	11	0.545454545	0.672727273
39_4	221	15	14.73333333	12.78095238
39_4	108	15	7.2	36.17142857
39_4	37	15	2.466666667	1.123809524
39_4	20	12	1.666666667	0.787878788
40_1	255	28	9.107142857	59.21031746
40_1	551	28	19.67857143	162.5224868
40_1	1278	28	45.64285714	9479.497354
40_1	805	28	28.75	1429.009259
40_1	132	28	4.714285714	13.76719577
40_1	77	28	2.75	10.34259259
40_1	696	28	24.85714286	216.2010582
40_1	82	28	2.928571429	7.402116402
40_1	28	28	1	3.481481481
40_1	839	28	29.96428571	758.4060847
40_1	328	28	11.71428571	192.8042328
40_1	78	28	2.785714286	12.24867725
40_1	764	28	27.28571429	546.952381
40_1	49	28	1.75	10.26851852
40_1	3614	28	129.0714286	2937.550265
40_1	788	28	28.14285714	133.9047619
40_1	90	28	3.214285714	20.32275132
40_1	532	28	19	3472.148148
40_1	122	28	4.357142857	17.57142857
40_1	484	28	17.28571429	47.69312169
40_1	404	28	14.42857143	546.7724868
40_1	7092	28	253.2857143	8045.693122
40_1	199	28	7.107142857	18.17328042
40_1	399	28	14.25	176.9351852
40_1	323	28	11.53571429	85.66534392
40_1	2393	28	85.46428571	3079.813492
40_1	107	28	3.821428571	33.04100529
40_1	246	28	8.785714286	25.73015873
40_1	278	28	9.928571429	42.58730159
40_1	259	28	9.25	388.1944444
40_1	1107	28	39.53571429	672.2579365
40_1	76	28	2.714285714	37.17460317
40_1	1441	28	51.46428571	823.2208995
40_1	221	28	7.892857143	46.69179894
40_1	450	28	16.07142857	72.95767196
40_1	61	28	2.178571429	3.92989418
40_1	386	28	13.78571429	290.2486772
40_1	291	28	10.39285714	103.5806878
40_1	458	28	16.35714286	252.7566138
40_1	35	28	1.25	1.972222222
40_1	63	28	2.25	10.0462963
40_1	136	28	4.857142857	135.1640212
40_1	173	28	6.178571429	163.8558201
40_1	83	28	2.964285714	9.072751323
40_1	609	28	21.75	247.75
40_1	445	28	15.89285714	330.8399471
40_1	21	28	0.75	1.972222222
40_1	29	28	1.035714286	4.10978836
40_1	21	28	0.75	3.75
40_1	56	28	2	8.888888889
40_1	584	28	20.85714286	126.0529101
40_1	96	28	3.428571429	7.513227513
40_1	1332	28	47.57142857	3538.47619
40_1	564	28	20.14285714	127.4603175
40_1	30	28	1.071428571	2.80952381
40_1	24	28	0.857142857	6.645502646
40_1	82	28	2.928571429	76.58730159
40_1	81	28	2.892857143	51.50661376
40_1	40	28	1.428571429	4.846560847
40_1	76	28	2.714285714	5.470899471
40_1	581	28	20.75	1261.527778
40_1	380	28	13.57142857	48.03174603
40_1	16	28	0.571428571	2.105820106
40_1	27	28	0.964285714	7.146825397
40_1	467	28	16.67857143	95.85582011
40_1	664	28	23.71428571	140.6560847
40_1	35	28	1.25	8.564814815
40_1	15	28	0.535714286	0.924603175
41_1	30	20	1.5	16.57894737
41_1	61	20	3.05	9.313157895
41_1	1756	20	87.8	4438.905263
41_1	30	20	1.5	18.26315789
41_1	1546	20	77.3	871.4842105
41_1	12	20	0.6	1.936842105
41_1	12	20	0.6	1.936842105
41_1	11	20	0.55	2.471052632
41_1	149	20	7.45	246.05
41_1	311	20	15.55	43.41842105
41_1	162	20	8.1	22.93684211
41_1	30	20	1.5	4.578947368
41_1	591	20	29.55	501.2078947
41_1	691	20	34.55	516.7868421
41_1	367	20	18.35	153.1868421
41_1	158	20	7.9	70.93684211
41_1	186	20	9.3	75.27368421
41_1	86	20	4.3	75.06315789
41_1	1578	20	78.9	1117.673684
43_1	598	9	66.44444444	470.2777778
43_1	328	9	36.44444444	106.7777778
43_1	320	9	35.55555556	322.5277778
43_1	187	9	20.77777778	39.94444444
43_1	468	9	52	480.25
43_1	131	9	14.55555556	13.52777778
43_1	116	9	12.88888889	51.11111111
43_1	774	9	86	346.25
43_1	164	9	18.22222222	67.44444444
43_1	89	9	9.888888889	16.61111111
43_1	51	9	5.666666667	4
43_1	54	9	6	17
43_1	23	9	2.555555556	3.027777778
44_1	2173	47	46.23404255	32.40055504
44_1	1918	47	40.80851064	46.1147086
44_1	900	47	19.14893617	83.78168363
44_1	866	47	18.42553191	228.9019426
44_1	739	47	15.72340426	329.0740056
44_1	489	47	10.40425532	54.72432932
44_1	477	47	10.14893617	436.0860315
44_1	483	47	10.27659574	388.2044403
44_1	357	47	7.595744681	3.115633673
44_1	153	47	3.255319149	10.19426457
44_1	48	47	1.021276596	0.021276596
44_1	41	47	0.872340426	2.548566142
44_1	32	47	0.680851064	1.743755782
44_1	22	47	0.468085106	0.25439408
44_1	16	47	0.340425532	0.272895467
44_1	10	47	0.212765957	0.171137835
44_1	6	47	0.127659574	0.113783534
44_1	6	47	0.127659574	0.113783534
44_1	3	47	0.063829787	0.061054579
44_1	3	47	0.063829787	0.061054579
44_1	2	47	0.042553191	0.041628122
44_1	2	47	0.042553191	0.041628122
44_1	2	47	0.042553191	0.041628122
44_1	2	47	0.042553191	0.041628122
44_1	2	47	0.042553191	0.041628122
44_1	1	47	0.021276596	0.021276596
44_1	1	47	0.021276596	0.021276596
44_1	1	47	0.021276596	0.021276596
44_1	1	47	0.021276596	0.021276596
45_1	52	7	7.428571429	66.95238095
45_1	249	7	35.57142857	1138.285714
45_1	267	7	38.14285714	1209.809524
45_1	24	7	3.428571429	4.285714286
45_1	428	7	61.14285714	5445.47619
45_1	89	7	12.71428571	282.5714286
45_1	32	7	4.571428571	15.95238095
45_1	667	7	95.28571429	9893.571429
45_1	156	7	22.28571429	135.9047619
45_1	99	7	14.14285714	259.1428571
45_1	37	7	5.285714286	7.238095238
45_1	62	7	8.857142857	45.47619048
45_1	14	7	2	8.333333333
45_1	2	7	0.285714286	0.571428571
45_1	29	7	4.142857143	21.47619048
45_1	30	7	4.285714286	7.238095238
45_1	59	7	8.428571429	93.95238095
45_1	37	7	5.285714286	17.23809524
45_1	69	7	9.857142857	111.8095238
45_1	17	7	2.428571429	2.952380952
45_1	7	7	1	1.666666667
45_1	13	7	1.857142857	4.476190476
45_1	20	7	2.857142857	3.476190476
45_1	18	7	2.571428571	8.285714286
45_1	4	7	0.571428571	0.619047619
45_1	40	7	5.714285714	67.57142857
45_2	3	14	0.214285714	0.335164835
45_2	3	14	0.214285714	0.181318681
45_2	105	14	7.5	13.19230769
45_2	58	14	4.142857143	3.054945055
45_2	338	14	24.14285714	197.2087912
45_2	25	14	1.785714286	2.796703297
45_2	1	14	0.071428571	0.071428571
45_2	148	14	10.57142857	85.03296703
45_2	5	14	0.357142857	0.247252747
45_2	20	14	1.428571429	1.494505495
45_2	13	14	0.928571429	1.302197802
45_2	9	14	0.642857143	1.324175824
45_2	7	14	0.5	0.576923077
45_2	30	14	2.142857143	4.747252747
45_2	2	14	0.142857143	0.131868132
45_2	2	14	0.142857143	0.131868132
45_2	18	14	1.285714286	2.21978022
45_2	1	14	0.071428571	0.071428571
45_2	231	14	16.5	77.34615385
45_2	13	14	0.928571429	3.456043956
45_2	4	14	0.285714286	0.527472527
45_2	40	14	2.857142857	3.208791209
45_2	10	14	0.714285714	0.835164835
45_3	20	11	1.818181818	8.563636364
45_3	1	11	0.090909091	0.090909091
45_3	30	11	2.727272727	8.618181818
45_3	6	11	0.545454545	1.672727273
45_3	51	11	4.636363636	25.65454545
45_3	15	11	1.363636364	1.654545455
45_3	70	11	6.363636364	48.45454545
45_3	1	11	0.090909091	0.090909091
45_3	107	11	9.727272727	57.81818182
45_3	34	11	3.090909091	11.09090909
45_3	20	11	1.818181818	4.763636364
45_3	3	11	0.272727273	0.418181818
45_3	2	11	0.181818182	0.163636364
45_3	2	11	0.181818182	0.163636364
45_3	346	11	31.45454545	532.0727273
45_3	401	11	36.45454545	429.6727273
45_3	432	11	39.27272727	752.8181818
45_3	90	11	8.181818182	101.3636364
45_3	12	11	1.090909091	3.090909091
45_3	49	11	4.454545455	27.47272727
45_3	7	11	0.636363636	2.054545455
45_3	15	11	1.363636364	2.054545455
45_3	19	11	1.727272727	13.01818182
45_3	166	11	15.09090909	330.0909091
45_3	12	11	1.090909091	2.490909091
45_3	64	11	5.818181818	47.36363636
45_3	45	11	4.090909091	28.69090909
45_3	89	11	8.090909091	97.49090909
45_3	3	11	0.272727273	0.418181818
45_3	93	11	8.454545455	112.2727273
45_3	21	11	1.909090909	6.490909091
45_3	39	11	3.545454545	9.272727273
45_3	5	11	0.454545455	1.472727273
45_3	30	11	2.727272727	4.618181818
45_3	56	11	5.090909091	15.09090909
45_3	3	11	0.272727273	0.218181818
45_3	3	11	0.272727273	0.218181818
45_3	39	11	3.545454545	18.87272727
45_3	3	11	0.272727273	0.218181818
45_3	60	11	5.454545455	38.27272727
45_3	124	11	11.27272727	127.8181818
45_3	9	11	0.818181818	1.163636364
45_3	141	11	12.81818182	194.7636364
45_3	6	11	0.545454545	0.472727273
45_3	2	11	0.181818182	0.163636364
45_3	4	11	0.363636364	0.454545455
45_3	7	11	0.636363636	2.454545455
45_3	62	11	5.636363636	17.45454545
45_3	34	11	3.090909091	9.490909091
45_3	14	11	1.272727273	2.418181818
45_3	1	11	0.090909091	0.090909091
46_1	1	6	0.166666667	0.166666667
46_1	1	6	0.166666667	0.166666667
46_1	1	6	0.166666667	0.166666667
46_1	1	6	0.166666667	0.166666667
46_1	1	6	0.166666667	0.166666667
46_1	2	6	0.333333333	0.666666667
46_1	1	6	0.166666667	0.166666667
46_1	1	6	0.166666667	0.166666667
46_1	3	6	0.5	0.7
46_1	1	6	0.166666667	0.166666667
46_1	1	6	0.166666667	0.166666667
46_1	2	6	0.333333333	0.266666667
46_1	2	6	0.333333333	0.666666667
46_1	2	6	0.333333333	0.666666667
46_1	1	6	0.166666667	0.166666667
46_1	1	6	0.166666667	0.166666667
46_1	1	6	0.166666667	0.166666667
46_1	2	6	0.333333333	0.666666667
46_1	1	6	0.166666667	0.166666667
46_1	1	6	0.166666667	0.166666667
46_1	1	6	0.166666667	0.166666667
46_1	1	6	0.166666667	0.166666667
46_1	1	6	0.166666667	0.166666667
46_1	2	6	0.333333333	0.666666667
46_1	2	6	0.333333333	0.666666667
46_1	1	6	0.166666667	0.166666667
46_1	3	6	0.5	1.5
46_1	2	6	0.333333333	0.266666667
46_1	1	6	0.166666667	0.166666667
46_1	1	6	0.166666667	0.166666667
46_1	4	6	0.666666667	1.466666667
46_1	14	6	2.333333333	27.46666667
46_1	1	6	0.166666667	0.166666667
46_1	1	6	0.166666667	0.166666667
46_1	8	6	1.333333333	10.66666667
46_1	1	6	0.166666667	0.166666667
46_1	22	6	3.666666667	7.466666667
46_1	1	6	0.166666667	0.166666667
46_1	6	6	1	4
46_1	1	6	0.166666667	0.166666667
46_1	2	6	0.333333333	0.266666667
46_1	1	6	0.166666667	0.166666667
46_1	8	6	1.333333333	10.66666667
46_1	1	6	0.166666667	0.166666667
46_1	1	6	0.166666667	0.166666667
46_1	1	6	0.166666667	0.166666667
46_1	6	6	1	4
46_1	12	6	2	7.6
46_1	3	6	0.5	1.5
46_1	1	6	0.166666667	0.166666667
46_1	1	6	0.166666667	0.166666667
46_1	2	6	0.333333333	0.666666667
46_1	15	6	2.5	12.7
46_1	4	6	0.666666667	1.066666667
46_1	1	6	0.166666667	0.166666667
46_1	3	6	0.5	0.7
46_1	2	6	0.333333333	0.666666667
46_1	3	6	0.5	1.5
46_1	4	6	0.666666667	2.666666667
46_1	2	6	0.333333333	0.666666667
46_1	1	6	0.166666667	0.166666667
46_1	2	6	0.333333333	0.266666667
46_1	8	6	1.333333333	3.066666667
46_1	9	6	1.5	2.3
46_1	3	6	0.5	1.5
46_1	1	6	0.166666667	0.166666667
46_1	1	6	0.166666667	0.166666667
46_1	1	6	0.166666667	0.166666667
46_1	1	6	0.166666667	0.166666667
46_1	2	6	0.333333333	0.666666667
46_1	17	6	2.833333333	9.366666667
46_1	6	6	1	1.6
46_2	1	6	0.166666667	0.166666667
46_2	1	6	0.166666667	0.166666667
46_2	1	6	0.166666667	0.166666667
46_2	1	6	0.166666667	0.166666667
46_2	1	6	0.166666667	0.166666667
46_2	2	6	0.333333333	0.266666667
46_2	4	6	0.666666667	0.666666667
46_2	1	6	0.166666667	0.166666667
46_2	3	6	0.5	0.7
46_2	2	6	0.333333333	0.666666667
46_2	2	6	0.333333333	0.266666667
46_2	1	6	0.166666667	0.166666667
46_2	3	6	0.5	0.7
46_2	2	6	0.333333333	0.666666667
46_2	2	6	0.333333333	0.666666667
46_2	1	6	0.166666667	0.166666667
46_2	2	6	0.333333333	0.666666667
46_2	9	6	1.5	2.7
46_2	4	6	0.666666667	1.466666667
46_2	1	6	0.166666667	0.166666667
46_2	2	6	0.333333333	0.266666667
46_2	1	6	0.166666667	0.166666667
46_2	1	6	0.166666667	0.166666667
46_2	1	6	0.166666667	0.166666667
46_2	2	6	0.333333333	0.666666667
46_2	5	6	0.833333333	4.166666667
46_2	16	6	2.666666667	9.466666667
46_2	5	6	0.833333333	4.166666667
46_2	2	6	0.333333333	0.266666667
46_2	38	6	6.333333333	225.8666667
46_2	1	6	0.166666667	0.166666667
46_2	2	6	0.333333333	0.266666667
46_2	14	6	2.333333333	9.066666667
46_2	1	6	0.166666667	0.166666667
46_2	3	6	0.5	0.7
46_2	2	6	0.333333333	0.666666667
46_2	1	6	0.166666667	0.166666667
46_2	2	6	0.333333333	0.666666667
46_2	2	6	0.333333333	0.666666667
46_2	2	6	0.333333333	0.666666667
46_2	1	6	0.166666667	0.166666667
46_2	4	6	0.666666667	1.066666667
46_2	6	6	1	4
46_2	2	6	0.333333333	0.666666667
46_2	5	6	0.833333333	0.966666667
46_2	4	6	0.666666667	1.066666667
46_2	1	6	0.166666667	0.166666667
46_2	6	6	1	2.8
46_2	4	6	0.666666667	1.466666667
46_2	1	6	0.166666667	0.166666667
46_2	1	6	0.166666667	0.166666667
46_2	18	6	3	7.6
46_2	89	6	14.83333333	270.5666667
46_2	1	6	0.166666667	0.166666667
46_2	2	6	0.333333333	0.266666667
46_2	2	6	0.333333333	0.266666667
46_2	1	6	0.166666667	0.166666667
46_2	11	6	1.833333333	2.166666667
46_2	7	6	1.166666667	0.566666667
46_3	2	6	0.333333333	0.666666667
46_3	2	6	0.333333333	0.266666667
46_3	2	6	0.333333333	0.666666667
46_3	1	6	0.166666667	0.166666667
46_3	2	6	0.333333333	0.266666667
46_3	3	6	0.5	0.3
46_3	3	6	0.5	0.3
46_3	5	6	0.833333333	4.166666667
46_3	2	6	0.333333333	0.266666667
46_3	1	6	0.166666667	0.166666667
46_3	3	6	0.5	0.3
46_3	7	6	1.166666667	0.566666667
46_3	2	6	0.333333333	0.666666667
46_3	1	6	0.166666667	0.166666667
46_3	1	6	0.166666667	0.166666667
46_3	2	6	0.333333333	0.266666667
46_3	1	6	0.166666667	0.166666667
46_3	2	6	0.333333333	0.266666667
46_3	7	6	1.166666667	0.966666667
46_3	2	6	0.333333333	0.266666667
46_3	6	6	1	6
46_3	3	6	0.5	0.7
46_3	2	6	0.333333333	0.266666667
46_3	23	6	3.833333333	25.76666667
46_3	1	6	0.166666667	0.166666667
46_3	1	6	0.166666667	0.166666667
46_3	2	6	0.333333333	0.266666667
46_3	5	6	0.833333333	1.766666667
46_3	3	6	0.5	0.7
46_3	1	6	0.166666667	0.166666667
46_3	1	6	0.166666667	0.166666667
46_3	3	6	0.5	0.3
46_3	2	6	0.333333333	0.266666667
46_3	1	6	0.166666667	0.166666667
46_3	6	6	1	1.2
46_3	1	6	0.166666667	0.166666667
46_3	4	6	0.666666667	1.066666667
46_3	1	6	0.166666667	0.166666667
46_3	2	6	0.333333333	0.666666667
46_3	1	6	0.166666667	0.166666667
46_3	13	6	2.166666667	15.36666667
46_3	24	6	4	12.8
46_3	3	6	0.5	0.7
46_3	12	6	2	11.2
46_3	1	6	0.166666667	0.166666667
46_3	12	6	2	8.4
46_3	11	6	1.833333333	5.766666667
47_1	409	12	34.08333333	394.2651515
47_1	2294	12	191.1666667	44925.78788
47_1	81	10	8.1	72.1
47_1	142	10	14.2	97.95555556
47_1	107	10	10.7	125.1222222
47_2	301	10	30.1	385.8777778
47_2	1059	10	105.9	10552.98889
47_2	38	9	4.222222222	10.94444444
47_2	64	8	8	17.14285714
47_2	66	9	7.333333333	43.5
47_3	56	9	6.222222222	12.44444444
47_3	781	10	78.1	2804.766667
47_3	288	10	28.8	420.1777778
47_3	116	8	14.5	120.8571429
47_3	53	9	5.888888889	33.11111111
47_4	42	9	4.666666667	14.25
47_4	133	9	14.77777778	200.4444444
47_4	687	10	68.7	1214.233333
47_4	86	9	9.555555556	44.02777778
47_4	260	10	26	404.8888889
48_1	41	17	2.411764706	4.507352941
48_1	95	17	5.588235294	94.00735294
48_1	287	17	16.88235294	83.48529412
48_1	6417	17	377.4705882	75243.51471
48_1	40	17	2.352941176	5.492647059
48_1	1	17	0.058823529	0.058823529
48_1	171	17	10.05882353	70.55882353
48_1	2530	17	148.8235294	14491.15441
48_1	23	17	1.352941176	4.617647059
48_1	29	17	1.705882353	3.095588235
48_1	7342	17	431.8823529	190244.7353
48_1	58	17	3.411764706	7.007352941
48_1	69	17	4.058823529	8.808823529
48_1	4	17	0.235294118	0.316176471
48_1	387	17	22.76470588	479.1911765
48_1	74	17	4.352941176	16.99264706
48_1	30	17	1.764705882	6.191176471
48_2	51	17	3	12.625
48_2	256	17	15.05882353	139.9338235
48_2	5875	17	345.5882353	53154.75735
48_2	29	17	1.705882353	3.470588235
48_2	1	17	0.058823529	0.058823529
48_2	191	17	11.23529412	46.06617647
48_2	2232	17	131.2941176	11073.97059
48_2	42	17	2.470588235	11.01470588
48_2	7376	17	433.8823529	180230.7353
48_2	47	17	2.764705882	5.941176471
48_2	51	17	3	5.25
48_2	11	17	0.647058824	1.617647059
48_2	329	17	19.35294118	209.4926471
48_2	97	17	5.705882353	79.09558824
48_2	24	17	1.411764706	3.132352941
48_3	40	14	2.857142857	12.59340659
48_3	33	14	2.357142857	8.247252747
48_3	218	14	15.57142857	124.4175824
48_3	5084	14	363.1428571	70224.28571
48_3	32	14	2.285714286	4.065934066
48_3	2	14	0.142857143	0.131868132
48_3	154	14	11	92.92307692
48_3	1684	14	120.2857143	11563.2967
48_3	37	14	2.642857143	25.78571429
48_3	34	14	2.428571429	13.49450549
48_3	6589	14	470.6428571	200342.0934
48_3	63	14	4.5	17.65384615
48_3	40	14	2.857142857	15.20879121
48_3	9	14	0.642857143	1.631868132
48_3	181	14	12.92857143	166.6868132
48_3	374	14	26.71428571	338.8351648
48_3	93	14	6.642857143	37.78571429
48_3	19	14	1.357142857	2.401098901
48_4	53	13	4.076923077	9.243589744
48_4	211	13	16.23076923	123.8589744
48_4	4775	13	367.3076923	60618.39744
48_4	31	13	2.384615385	2.756410256
48_4	1	13	0.076923077	0.076923077
48_4	157	13	12.07692308	70.24358974
48_4	43	13	3.307692308	44.8974359
48_4	32	13	2.461538462	7.769230769
48_4	6240	13	480	198063.5
48_4	57	13	4.384615385	8.256410256
48_4	31	13	2.384615385	6.756410256
48_4	7	13	0.538461538	1.769230769
48_4	360	13	27.69230769	131.0641026
48_4	165	13	12.69230769	99.3974359
48_4	24	13	1.846153846	2.807692308
49_1	250	10	25	259.3333333
49_1	101	10	10.1	46.54444444
49_1	104	10	10.4	148.9333333
49_1	494	10	49.4	2417.6
49_1	11	10	1.1	4.1
49_1	45	10	4.5	21.38888889
49_1	19	10	1.9	4.766666667
49_1	69	10	6.9	83.65555556
49_1	3513	10	351.3	81573.78889
49_1	20	10	2	6.222222222
49_1	12	10	1.2	1.733333333
49_1	290	10	29	190.8888889
49_1	491	10	49.1	1016.988889
49_1	350	10	35	624.6666667
49_1	315	10	31.5	479.1666667
49_1	33	10	3.3	11.12222222
49_1	463	10	46.3	671.1222222
49_1	640	10	64	2057.777778
49_1	24	10	2.4	8.488888889
49_1	17	10	1.7	6.9
49_1	21	10	2.1	11.87777778
49_2	96	9	10.66666667	58.5
49_2	34	9	3.777777778	11.44444444
49_2	157	9	17.44444444	552.7777778
49_2	288	8	36	2955.142857
49_2	256	8	32	1068.857143
49_2	94	9	10.44444444	96.77777778
49_2	458	8	57.25	13009.07143
49_2	46	9	5.111111111	50.36111111
49_2	31	9	3.444444444	30.02777778
49_3	360	10	36	362.6666667
49_3	146	10	14.6	31.6
49_3	25	10	2.5	9.388888889
49_3	30	10	3	7.777777778
49_3	38	10	3.8	5.733333333
49_3	144	10	14.4	80.04444444
49_3	56	10	5.6	99.82222222
49_3	473	10	47.3	1230.011111
49_3	19	10	1.9	5.655555556
49_3	239	10	23.9	258.3222222
49_3	1847	10	184.7	23026.01111
49_3	1119	10	111.9	2220.322222
49_3	1333	10	133.3	8563.566667
49_3	96	10	9.6	178.7111111
49_3	48	10	4.8	48.4
49_4	396	10	39.6	1140.488889
49_4	96	10	9.6	47.6
49_4	227	10	22.7	327.1222222
49_4	197	10	19.7	730.9
49_4	93	10	9.3	55.12222222
49_4	333	10	33.3	511.7888889
49_4	236	10	23.6	498.2666667
49_4	1347	10	134.7	2746.011111
49_4	47	10	4.7	19.12222222
49_4	132	10	13.2	107.9555556
49_4	1210	10	121	6771.555556
49_4	894	10	89.4	13824.04444
49_4	24	10	2.4	16.48888889
49_4	2280	10	228	2062.222222
49_4	572	10	57.2	2007.955556
49_4	51	10	5.1	87.43333333
49_5	723	9	80.33333333	1873.5
49_5	288	9	32	664.75
49_5	1093	9	121.4444444	5440.027778
49_5	143	9	15.88888889	70.86111111
49_5	204	9	22.66666667	572
49_5	29	10	2.9	12.32222222
49_5	1707	9	189.6666667	5662
49_5	52	9	5.777777778	9.444444444
49_5	126	9	14	119
49_5	665	9	73.88888889	4075.611111
49_5	7417	9	824.1111111	461498.8611
49_5	578	9	64.22222222	6477.694444
49_5	48	8	6	26.28571429
49_5	571	9	63.44444444	3388.527778
49_5	4762	9	529.1111111	19889.36111
49_5	2779	9	308.7777778	41784.19444
49_5	41	9	4.555555556	11.02777778
49_5	31	9	3.444444444	50.02777778
49_6	263	10	26.3	522.2333333
49_6	64	10	6.4	16.93333333
49_6	1719	10	171.9	11835.21111
49_6	243	10	24.3	758.6777778
49_6	505	10	50.5	685.8333333
49_6	1844	10	184.4	25172.04444
49_6	20	10	2	11.11111111
49_6	231	10	23.1	683.2111111
49_6	31	10	3.1	29.43333333
49_6	1648	10	164.8	8653.066667
49_6	562	10	56.2	927.0666667
49_6	400	10	40	700.8888889
49_6	419	10	41.9	1675.877778
49_6	777	10	77.7	2985.788889
49_6	202	10	20.2	244.6222222
49_6	59	10	5.9	51.87777778
49_6	103	10	10.3	172.0111111
49_6	893	9	99.22222222	889.6944444
49_6	481	9	53.44444444	2035.277778
49_6	83	10	8.3	174.6777778
49_6	53	10	5.3	75.56666667
49_7	1093	10	109.3	6252.455556
49_7	91	10	9.1	31.43333333
49_7	1812	10	181.2	29993.28889
49_7	202	10	20.2	331.5111111
49_7	11	10	1.1	3.433333333
49_7	33	10	3.3	44.9
49_7	138	10	13.8	69.28888889
49_7	124	10	12.4	143.1555556
49_7	3567	10	356.7	42954.23333
49_7	312	10	31.2	1604.622222
49_7	2414	10	241.4	7915.6
49_7	517	10	51.7	503.1222222
49_7	672	10	67.2	2385.288889
49_7	1180	10	118	6600.666667
49_7	22867	10	2286.7	645203.1222
49_7	370	10	37	1759.555556
49_7	947	10	94.7	2295.566667
49_7	1430	10	143	5499.555556
49_7	588	10	58.8	1447.288889
49_7	252	10	25.2	426.6222222
49_7	2606	10	260.6	16191.15556
49_7	289	10	28.9	138.1
49_7	1745	10	174.5	12126.94444
49_7	333	10	33.3	1713.788889
49_7	6199	10	619.9	192734.3222
49_7	4792	10	479.2	100450.4
49_7	144	10	14.4	223.8222222
49_7	58	10	5.8	54.4
49_8	226	9	25.11111111	96.36111111
49_8	253	10	25.3	64.67777778
49_8	98	9	10.88888889	28.86111111
49_8	96	10	9.6	90.04444444
49_8	82	10	8.2	64.4
49_8	381	10	38.1	345.2111111
49_8	286	10	28.6	108.2666667
49_8	1897	10	189.7	14564.23333
49_8	299	9	33.22222222	511.9444444
49_8	50	10	5	4
49_8	922	10	92.2	2604.177778
49_8	477	9	53	344.75
49_8	1369	10	136.9	6197.433333
49_8	524	9	58.22222222	1447.194444
49_8	137	10	13.7	61.78888889
49_8	400	10	40	6146.888889
49_8	296	10	29.6	450.9333333
49_8	114	10	11.4	158.2666667
49_8	110	10	11	199.3333333
49_9	1462	10	146.2	14210.17778
49_9	356	10	35.6	206.2666667
49_9	2629	10	262.9	49180.54444
49_9	26	10	2.6	11.37777778
49_9	170	10	17	165.5555556
49_9	550	10	55	1235.777778
49_9	2188	10	218.8	20556.62222
49_9	726	10	72.6	3637.377778
49_9	1451	10	145.1	9904.766667
49_9	2129	10	212.9	27010.76667
49_9	721	10	72.1	1889.655556
49_9	1026	10	102.6	4824.044444
49_9	3560	10	356	42055.11111
49_9	1478	10	147.8	14713.06667
49_9	445	9	49.44444444	3330.527778
49_9	194	10	19.4	368.4888889
49_9	4015	9	446.1111111	133296.3611
49_9	303	10	30.3	739.3444444
49_9	45	10	4.5	29.16666667
49_10	95	10	9.5	118.5
49_10	134	10	13.4	52.71111111
49_10	3660	14	261.4285714	61455.34066
49_10	17	10	1.7	4.455555556
49_10	410	10	41	1382
49_10	529	10	52.9	403.6555556
49_10	1442	10	144.2	6533.733333
49_10	20	10	2	10.88888889
49_10	121	10	12.1	140.7666667
49_10	9388	14	670.5714286	84814.41758
49_10	295	14	21.07142857	397.1483516
49_10	299	10	29.9	866.9888889
49_10	838	10	83.8	16297.06667
49_10	4041	10	404.1	65408.76667
49_10	467	10	46.7	5371.122222
49_10	82	10	8.2	35.28888889
49_10	17	10	1.7	4.011111111
49_10	67	10	6.7	180.9
49_10	4220	14	301.4285714	34700.26374
49_10	15	10	1.5	0.944444444
49_10	11	10	1.1	1.433333333
49_10	156	10	15.6	168.0444444
49_10	83	10	8.3	95.78888889
49_11	230	7	32.85714286	1416.47619
49_11	334	9	37.11111111	304.3611111
49_11	3129	8	391.125	117934.9821
49_11	104	9	11.55555556	371.5277778
49_11	857	10	85.7	1150.455556
49_11	2754	10	275.4	35620.48889
49_11	235	9	26.11111111	1368.861111
49_11	3916	9	435.1111111	53973.11111
49_11	641	9	71.22222222	3448.444444
49_11	194	7	27.71428571	519.5714286
49_11	3149	9	349.8888889	38845.86111
49_11	197	8	24.625	270.5535714
49_11	82	8	10.25	215.6428571
49_11	44	9	4.888888889	44.61111111
49_12	646	9	71.77777778	4734.694444
49_12	142	8	17.75	164.5
49_12	242	9	26.88888889	281.1111111
49_12	304	9	33.77777778	303.6944444
49_12	76	8	9.5	59.14285714
49_12	38	10	3.8	17.51111111
49_12	2451	9	272.3333333	21631
49_12	2	10	0.2	0.4
49_12	73	7	10.42857143	86.28571429
49_12	838	9	93.11111111	1154.611111
49_12	143	10	14.3	454.6777778
49_12	315	9	35	328
49_12	275	9	30.55555556	1038.027778
49_12	277	10	27.7	228.0111111
49_12	416	9	46.22222222	374.4444444
49_12	7173	9	797	137237.75
49_12	560	10	56	765.1111111
49_12	9	8	1.125	1.839285714
49_12	293	9	32.55555556	1207.027778
49_12	728	9	80.88888889	2734.611111
49_12	757	9	84.11111111	4043.861111
49_12	572	9	63.55555556	2020.027778
49_12	940	9	104.4444444	3029.527778
49_12	29	9	3.222222222	11.69444444
49_12	1329	9	147.6666667	6218
49_12	83	7	11.85714286	101.4761905
49_12	1052	10	105.2	4586.177778
49_12	5	10	0.5	2.5
49_12	1060	9	117.7777778	2270.444444
49_12	53	9	5.888888889	109.8611111
49_12	16	9	1.777777778	7.194444444
49_13	521	10	52.1	2603.655556
49_13	12	7	1.714285714	2.238095238
49_13	334	9	37.11111111	1152.861111
49_13	78	9	8.666666667	43.75
49_13	27	8	3.375	7.982142857
49_13	4387	10	438.7	467883.3444
49_13	238	8	29.75	925.6428571
49_13	707	10	70.7	2375.566667
49_13	140	10	14	267.3333333
49_13	287	10	28.7	455.7888889
49_13	263	10	26.3	537.1222222
49_13	181	9	20.11111111	443.6111111
49_13	93	10	9.3	124.9
49_13	12017	10	1201.7	284918.2333
49_13	1701	10	170.1	14410.1
49_13	57	10	5.7	19.56666667
49_13	227	10	22.7	241.7888889
49_13	355	10	35.5	363.1666667
49_13	198	7	28.28571429	169.5714286
49_13	351	9	39	686.5
49_13	418	10	41.8	767.2888889
49_13	33	10	3.3	6.677777778
49_13	2032	10	203.2	31972.4
49_13	104	7	14.85714286	110.1428571
49_13	611	10	61.1	1619.211111
49_13	2359	10	235.9	27094.32222
49_13	28	10	2.8	23.51111111
49_14	683	10	68.3	4545.566667
49_14	98	10	9.8	73.51111111
49_14	2038	10	203.8	6454.844444
49_14	395	10	39.5	436.2777778
49_14	148	10	14.8	170.8444444
49_14	1997	10	199.7	9699.344444
49_14	38	10	3.8	8.4
49_14	553	10	55.3	1114.677778
49_14	611	9	67.88888889	3055.611111
49_14	287	10	28.7	530.2333333
49_14	340	10	34	435.3333333
49_14	252	10	25.2	344.8444444
49_14	5798	10	579.8	282882.6222
49_14	2570	10	257	39627.33333
49_14	12446	10	1244.6	330978.9333
49_14	2536	10	253.6	15815.37778
49_14	244	9	27.11111111	342.8611111
49_14	469	10	46.9	702.3222222
49_14	1959	10	195.9	6786.988889
49_14	665	10	66.5	1008.277778
49_14	97	10	9.7	59.78888889
49_14	933	9	103.6666667	4870.25
49_14	37	9	4.111111111	8.861111111
49_14	3227	10	322.7	35224.01111
49_14	4732	9	525.7777778	34623.94444
49_14	670	9	74.44444444	5052.527778
49_14	606	9	67.33333333	1157
49_14	92	10	9.2	59.51111111
49_14	39	10	3.9	13.87777778
49_15	398	7	56.85714286	3597.809524
49_15	97	7	13.85714286	37.47619048
49_15	373	9	41.44444444	1210.777778
49_15	330	10	33	4155.555556
49_15	1360	9	151.1111111	22678.61111
49_15	135	7	19.28571429	43.57142857
49_15	179	10	17.9	172.3222222
49_15	258	10	25.8	236.1777778
49_15	455	10	45.5	3136.277778
49_15	69	9	7.666666667	89.5
49_15	5704	10	570.4	110791.3778
49_15	7372	9	819.1111111	228669.3611
49_15	5175	9	575	82129.25
49_15	149	9	16.55555556	721.0277778
49_15	161	9	17.88888889	104.3611111
49_15	44	9	4.888888889	10.86111111
49_15	202	9	22.44444444	101.5277778
49_15	125	9	13.88888889	359.6111111
49_15	161	9	17.88888889	91.36111111
49_15	4	10	0.4	0.933333333
49_15	1363	10	136.3	14742.9
49_15	64	7	9.142857143	47.80952381
49_15	784	9	87.11111111	12222.36111
49_15	969	9	107.6666667	7421.75
49_16	318	9	35.33333333	339.5
49_16	75	8	9.375	36.26785714
49_16	3274	9	363.7777778	35540.19444
49_16	870	9	96.66666667	3372.5
49_16	108	9	12	33.5
49_16	383	9	42.55555556	264.5277778
49_16	472	9	52.44444444	454.2777778
49_16	420	9	46.66666667	1443
49_16	23	9	2.555555556	3.777777778
49_16	3169	9	352.1111111	35232.36111
49_16	2635	9	292.7777778	57984.44444
49_16	270	9	30	266.25
49_16	393	7	56.14285714	393.8095238
49_16	442	9	49.11111111	976.3611111
49_16	597	9	66.33333333	1627
49_16	392	9	43.55555556	602.0277778
49_16	482	9	53.55555556	527.7777778
49_16	439	9	48.77777778	1335.694444
49_16	46	8	5.75	20.5
49_16	1501	8	187.625	7564.267857
49_17	630	10	63	3050
49_17	64	10	6.4	23.6
49_17	464	10	46.4	1230.266667
49_17	47	10	4.7	21.78888889
49_17	58	10	5.8	31.06666667
49_17	2228	10	222.8	7257.511111
49_17	238	10	23.8	690.1777778
49_17	598	9	66.44444444	1839.277778
49_17	1344	10	134.4	3873.377778
49_17	36	10	3.6	30.48888889
49_17	296	10	29.6	250.4888889
49_17	168	10	16.8	184.8444444
49_17	1091	10	109.1	7459.877778
49_17	4937	10	493.7	69245.34444
49_17	22782	10	2278.2	806923.2889
49_17	362	10	36.2	552.6222222
49_17	313	10	31.3	387.1222222
49_17	539	10	53.9	2822.988889
49_17	196	10	19.6	333.1555556
49_17	1224	10	122.4	7342.933333
49_17	49	9	5.444444444	19.77777778
49_17	2376	10	237.6	17323.37778
49_17	70	10	7	63.55555556
49_17	722	10	72.2	3738.177778
49_17	2919	10	291.9	93326.98889
49_17	62	10	6.2	56.17777778
49_17	45	10	4.5	43.38888889
49_18	1032	9	114.6666667	18857.5
49_18	111	9	12.33333333	160.75
49_18	521	10	52.1	4707.211111
49_18	431	10	43.1	1132.766667
49_18	63	9	7	45.75
49_18	23	9	2.555555556	31.27777778
49_18	4112	10	411.2	26634.62222
49_18	105	10	10.5	139.3888889
49_18	438	10	43.8	1701.733333
49_18	19	9	2.111111111	4.861111111
49_18	209	10	20.9	271.2111111
49_18	622	10	62.2	3701.066667
49_18	112	10	11.2	160.8444444
49_18	6036	10	603.6	139161.1556
49_18	2492	10	249.2	62107.95556
49_18	643	9	71.44444444	8206.277778
49_18	329	10	32.9	804.9888889
49_18	298	10	29.8	650.8444444
49_18	210	10	21	439.3333333
49_18	466	10	46.6	2159.6
49_18	57	10	5.7	60.67777778
49_18	2366	10	236.6	27474.04444
49_18	2500	10	250	58698.88889
49_18	3156	10	315.6	47464.26667
49_18	53	10	5.3	72.23333333
49_18	41	10	4.1	34.76666667
49_19	359	9	39.88888889	203.1111111
49_19	410	9	45.55555556	2402.277778
49_19	409	9	45.44444444	2177.027778
49_19	219	9	24.33333333	510.5
49_20	134	9	14.88888889	242.3611111
49_20	68	9	7.555555556	84.02777778
49_20	47	8	5.875	33.83928571
49_20	543	9	60.33333333	1374.5
49_20	189	9	21	181.5
49_20	15	9	1.666666667	2.75
49_20	248	9	27.55555556	685.7777778
49_20	5660	9	628.8888889	170865.8611
49_20	170	9	18.88888889	168.8611111
49_20	42	9	4.666666667	8.25
49_20	56	9	6.222222222	56.19444444
49_20	111	9	12.33333333	39
49_20	1244	9	138.2222222	5003.194444
49_20	316	9	35.11111111	5717.361111
49_20	177	9	19.66666667	1211
49_21	296	10	29.6	390.9333333
49_21	2115	9	235	10884
49_21	312	10	31.2	477.7333333
49_21	182	10	18.2	213.2888889
49_21	409	10	40.9	133.8777778
49_21	3360	9	373.3333333	52576.5
49_21	345	10	34.5	349.8333333
49_21	283	9	31.44444444	466.2777778
49_21	209	9	23.22222222	125.1944444
49_21	3518	10	351.8	41050.62222
49_21	1848	10	184.8	15065.06667
49_21	148	9	16.44444444	214.2777778
49_21	120	10	12	1051.555556
49_22	365	8	45.625	1785.125
49_22	562	9	62.44444444	3200.527778
49_22	2743	8	342.875	31563.26786
49_22	142	9	15.77777778	178.9444444
49_22	6404	9	711.5555556	279246.7778
49_22	282	9	31.33333333	426
49_22	742	9	82.44444444	4630.527778
49_22	1423	9	158.1111111	16528.86111
49_22	236	9	26.22222222	745.1944444
49_22	2621	9	291.2222222	33752.19444
49_22	976	9	108.4444444	12940.27778
49_22	113	9	12.55555556	314.5277778
49_22	35	9	3.888888889	44.11111111
49_23	144	9	16	138.75
49_23	1170	9	130	15050
49_23	1080	9	120	16079
49_23	314	9	34.88888889	1717.611111
49_23	68	9	7.555555556	160.7777778
49_23	201	9	22.33333333	644.5
49_23	507	9	56.33333333	3057.5
49_24	282	10	28.2	2257.733333
49_24	139	10	13.9	68.1
49_24	77	9	8.555555556	114.7777778
49_24	70	10	7	33.11111111
49_24	214	10	21.4	398.9333333
49_24	122	10	12.2	155.7333333
49_24	387	10	38.7	224.9
49_24	61	10	6.1	39.43333333
49_24	333	10	33.3	221.3444444
49_24	742	10	74.2	2053.511111
49_24	453	10	45.3	579.5666667
49_24	106	10	10.6	90.71111111
49_24	189	10	18.9	168.9888889
49_24	7077	10	707.7	385508.4556
49_24	82	8	10.25	144.7857143
49_24	840	10	84	2319.555556
49_24	640	10	64	3198.888889
49_24	574	10	57.4	2903.155556
49_24	657	10	65.7	2271.344444
49_24	2960	10	296	55391.77778
49_24	3309	10	330.9	54064.1
49_24	299	10	29.9	1052.988889
49_24	226	10	22.6	1080.044444
49_24	53	10	5.3	60.45555556
49_25	492	8	61.5	5250
49_25	98	9	10.88888889	39.86111111
49_25	1649	9	183.2222222	19090.69444
49_25	101	9	11.22222222	105.9444444
49_25	6397	9	710.7777778	66693.44444
49_25	48	9	5.333333333	45.5
49_25	1160	9	128.8888889	10404.11111
49_25	260	9	28.88888889	799.8611111
49_25	3290	9	365.5555556	21700.77778
49_25	183	9	20.33333333	584.25
49_25	193	9	21.44444444	860.2777778
49_25	893	9	99.22222222	9346.444444
49_25	589	9	65.44444444	2592.777778
49_25	88	9	9.777777778	198.6944444
49_25	8086	9	898.4444444	78983.27778
49_25	3923	9	435.8888889	86027.11111
49_25	76	9	8.444444444	367.5277778
49_26	3227	9	358.5555556	70147.02778
49_26	2307	10	230.7	26274.01111
49_26	488	9	54.22222222	609.1944444
49_26	1797	8	224.625	37385.41071
49_26	410	9	45.55555556	6599.777778
49_26	61	9	6.777777778	328.6944444
49_26	157	9	17.44444444	489.2777778
49_27	122	9	13.55555556	112.5277778
49_27	223	10	22.3	149.5666667
49_27	41	10	4.1	20.1
49_27	356	10	35.6	401.3777778
49_27	93	10	9.3	96.9
49_27	8	10	0.8	1.066666667
49_27	83	9	9.222222222	63.94444444
49_27	898	10	89.8	665.0666667
49_27	213	10	21.3	101.3444444
49_27	18	10	1.8	1.955555556
49_27	32	10	3.2	9.288888889
49_27	533	10	53.3	992.4555556
49_27	463	10	46.3	197.5666667
49_27	2147	10	214.7	13721.34444
49_27	489	10	48.9	225.2111111
49_27	91	10	9.1	27.21111111
49_27	209	10	20.9	305.2111111
49_27	326	10	32.6	1210.933333
49_27	2364	10	236.4	26300.26667
49_27	163	10	16.3	142.2333333
49_27	146	10	14.6	239.3777778
49_27	50	10	5	56.44444444
49_28	492	10	49.2	5041.733333
49_28	60	10	6	24
49_28	2971	10	297.1	106598.1
49_28	1605	10	160.5	7538.055556
49_28	368	10	36.8	614.8444444
49_28	555	10	55.5	1607.833333
49_28	111	10	11.1	122.7666667
49_28	4461	10	446.1	61547.87778
49_28	349	10	34.9	1591.433333
49_28	837	10	83.7	923.7888889
49_28	154	10	15.4	153.6
49_28	76	10	7.6	88.04444444
49_28	78	10	7.8	152.4
49_28	3375	10	337.5	43132.94444
49_28	961	10	96.1	9505.211111
49_29	143	9	15.88888889	211.1111111
49_29	229	9	25.44444444	207.7777778
49_29	446	9	49.55555556	778.7777778
49_29	293	9	32.55555556	399.2777778
49_29	173	9	19.22222222	444.4444444
49_29	3792	9	421.3333333	46626.5
49_29	83	9	9.222222222	89.94444444
49_29	1186	9	131.7777778	3513.444444
49_29	454	9	50.44444444	422.5277778
49_29	663	9	73.66666667	1605.75
49_29	389	9	43.22222222	907.4444444
49_29	345	9	38.33333333	4700.25
49_29	553	9	61.44444444	6266.527778
49_29	231	9	25.66666667	289.5
49_29	86	9	9.555555556	48.27777778
49_30	8	9	0.888888889	0.861111111
49_30	685	9	76.11111111	1347.611111
49_30	36	10	3.6	12.26666667
49_30	10	10	1	2.888888889
49_30	3	9	0.333333333	0.5
49_30	17	9	1.888888889	1.361111111
49_30	500	9	55.55555556	1716.527778
49_30	150	10	15	129.1111111
49_30	1241	9	137.8888889	4998.861111
49_30	914	10	91.4	4442.488889
49_30	182	9	20.22222222	90.94444444
49_30	73	9	8.111111111	46.86111111
49_30	188	9	20.88888889	461.1111111
49_30	15	10	1.5	2.5
49_30	111	9	12.33333333	481
49_30	16	10	1.6	4.711111111
49_30	776	9	86.22222222	2200.444444
49_31	36	8	4.5	22
49_31	35	9	3.888888889	8.861111111
49_31	1133	9	125.8888889	3044.611111
49_31	47	10	4.7	54.01111111
49_31	67	10	6.7	121.1222222
49_31	259	10	25.9	367.2111111
49_31	138	10	13.8	89.28888889
49_31	145	9	16.11111111	85.36111111
49_31	81	10	8.1	205.8777778
49_31	244	10	24.4	1221.6
49_31	91	10	9.1	228.7666667
49_31	4149	9	461	69424.5
49_31	59	10	5.9	43.65555556
49_31	727	9	80.77777778	946.4444444
49_31	1409	10	140.9	2084.544444
49_31	341	10	34.1	588.3222222
49_31	139	10	13.9	90.98888889
49_31	24	10	2.4	10.93333333
49_31	308	10	30.8	7340.622222
49_31	1735	10	173.5	9005.166667
49_31	50	10	5	73.11111111
49_31	1114	10	111.4	5448.711111
49_32	53	10	5.3	9.122222222
49_32	11	10	1.1	1.211111111
49_32	139	10	13.9	194.5444444
49_32	20	10	2	1.777777778
49_32	129	10	12.9	570.5444444
49_32	125	10	12.5	29.61111111
49_32	336	10	33.6	308.9333333
49_32	340	10	34	230.6666667
49_32	572	10	57.2	662.1777778
49_32	14	10	1.4	4.488888889
49_32	14	10	1.4	3.155555556
49_32	94	10	9.4	307.3777778
49_32	562	10	56.2	635.9555556
49_32	3	10	0.3	0.455555556
49_32	89	10	8.9	70.54444444
49_32	182	10	18.2	214.1777778
49_32	173	10	17.3	103.1222222
49_32	122	10	12.2	81.06666667
49_32	31	10	3.1	28.98888889
49_32	70	10	7	161.5555556
49_32	1467	10	146.7	10561.78889
49_32	18	10	1.8	11.28888889
49_32	64	10	6.4	60.93333333
49_32	7	10	0.7	1.122222222
49_33	115	7	16.42857143	47.95238095
49_33	677	8	84.625	536.5535714
49_33	228	9	25.33333333	451.25
49_33	248	8	31	661.7142857
49_33	904	9	100.4444444	6489.027778
49_33	339	8	42.375	2431.696429
49_33	161	9	17.88888889	120.3611111
49_33	64	8	8	88.28571429
49_34	47	8	5.875	18.98214286
49_34	841	9	93.44444444	2135.277778
49_34	317	9	35.22222222	1128.944444
49_34	203	9	22.55555556	537.2777778
49_34	393	9	43.66666667	307.75
49_34	669	8	83.625	12129.98214
49_34	79	9	8.777777778	62.44444444
49_34	32	9	3.555555556	47.52777778
49_35	754	9	83.77777778	387.6944444
49_35	39	9	4.333333333	15
49_35	2693	9	299.2222222	13355.19444
49_35	5850	9	650	185274.5
49_35	1001	9	111.2222222	8265.694444
49_35	9088	9	1009.777778	511381.4444
49_35	251	10	25.1	582.9888889
49_36	2226	9	247.3333333	13680.5
49_36	30	9	3.333333333	67
49_36	133	9	14.77777778	79.19444444
49_36	1285	9	142.7777778	1721.194444
49_36	26	10	2.6	4.711111111
49_36	834	9	92.66666667	1434.75
49_36	184	9	20.44444444	190.2777778
49_36	465	9	51.66666667	800
49_36	2910	9	323.3333333	34770.75
49_36	64	9	7.111111111	39.36111111
49_36	212	9	23.55555556	295.0277778
49_36	883	9	98.11111111	3826.111111
49_36	107	9	11.88888889	122.6111111
49_36	569	9	63.22222222	3464.194444
49_36	162	9	18	266.5
49_37	232	9	25.77777778	654.9444444
49_37	16	10	1.6	5.155555556
49_37	1224	10	122.4	4115.155556
49_37	119	10	11.9	310.9888889
49_37	513	10	51.3	1410.455556
49_37	213	10	21.3	452.6777778
49_37	812	10	81.2	4407.511111
49_37	2117	10	211.7	44035.34444
49_37	208	10	20.8	178.6222222
49_37	129	10	12.9	189.8777778
49_37	471	10	47.1	3068.988889
49_37	97	10	9.7	200.4555556
49_37	3256	10	325.6	36986.26667
49_37	521	10	52.1	2216.544444
49_37	71	10	7.1	66.1
50_1	4304	60	71.73333333	7653.656497
50_1	15483	63	245.7619048	164482.2166
50_1	825	45	18.33333333	301.5
50_1	7209	63	114.4285714	49181.34562
50_1	52286	62	843.3225806	716306.55
50_1	84777	62	1367.370968	1111504.434
50_1	88286	63	1401.365079	1327681.945
51_1	3976	24	165.6666667	5839.797101
51_1	263	24	10.95833333	507.9547101
51_1	47	24	1.958333333	15.17210145
51_1	611	24	25.45833333	598.9547101
51_1	394	24	16.41666667	202.7753623
51_1	666	24	27.75	1248.630435
51_1	266	24	11.08333333	935.8188406
51_1	649	24	27.04166667	425.1721014
51_1	283	24	11.79166667	379.3894928
51_1	308	24	12.83333333	101.5362319
51_1	4001	24	166.7083333	10904.99819
51_1	541	24	22.54166667	229.6503623
51_1	11	24	0.458333333	2.954710145
51_1	174	24	7.25	125.326087
51_1	7	24	0.291666667	1.519927536
51_1	1	24	0.041666667	0.041666667
51_1	1	24	0.041666667	0.041666667
51_1	5	24	0.208333333	0.432971014
51_1	4	24	0.166666667	0.231884058
51_1	2	24	0.083333333	0.166666667
51_1	10	24	0.416666667	4.166666667
51_1	5	24	0.208333333	1.041666667
52_1	177	21	8.428571429	67.85714286
52_1	83	21	3.952380952	30.74761905
52_1	15	21	0.714285714	0.714285714
52_1	93	21	4.428571429	28.15714286
52_1	24	21	1.142857143	4.128571429
52_1	33	21	1.571428571	39.95714286
52_1	9	21	0.428571429	0.757142857
52_1	8	21	0.380952381	0.547619048
52_2	392	39	10.05128205	82.68151147
52_2	163	39	4.179487179	40.20377868
52_2	107	39	2.743589744	30.66936572
52_2	78	39	2	12.94736842
52_2	50	39	1.282051282	12.15519568
52_2	17	39	0.435897436	1.673414305
52_2	17	39	0.435897436	0.568151147
52_2	3	39	0.076923077	0.072874494
52_2	4	39	0.102564103	0.252361673
52_3	136	21	6.476190476	27.36190476
52_3	118	21	5.619047619	67.84761905
52_3	16	21	0.761904762	0.79047619
52_3	87	21	4.142857143	39.62857143
52_3	11	21	0.523809524	1.861904762
52_3	1	21	0.047619048	0.047619048
52_3	8	21	0.380952381	0.447619048
52_3	8	21	0.380952381	0.547619048
52_4	393	39	10.07692308	40.17813765
52_4	147	39	3.769230769	30.23481781
52_4	83	39	2.128205128	8.851551957
52_4	114	39	2.923076923	31.59919028
52_4	48	39	1.230769231	7.866396761
52_4	19	39	0.487179487	1.993252362
52_4	32	39	0.820512821	2.09851552
52_4	19	39	0.487179487	2.045883941
52_4	1	39	0.025641026	0.025641026
52_5	209	21	9.952380952	154.347619
52_5	53	21	2.523809524	13.96190476
52_5	70	21	3.333333333	7.633333333
52_5	73	21	3.476190476	25.76190476
52_5	11	21	0.523809524	0.661904762
52_5	6	21	0.285714286	0.514285714
52_5	12	21	0.571428571	0.857142857
52_5	1	21	0.047619048	0.047619048
52_6	351	39	9	67.21052632
52_6	43	39	1.102564103	4.620782726
52_6	11	39	0.282051282	0.365721997
52_6	65	39	1.666666667	9.649122807
52_6	34	39	0.871794872	6.483130904
52_6	12	39	0.307692308	2.587044534
52_6	16	39	0.41025641	0.406207827
52_6	8	39	0.205128205	0.377867746
52_7	134	39	3.435897436	15.9365722
52_7	222	39	5.692307692	61.53441296
52_7	230	39	5.897435897	94.83130904
52_7	158	39	4.051282051	33.365722
52_7	54	39	1.384615385	9.558704453
52_7	19	39	0.487179487	2.993252362
52_7	10	39	0.256410256	0.406207827
52_7	18	39	0.461538462	0.939271255
52_7	1	39	0.025641026	0.025641026
52_8	17	4	4.25	0.916666667
52_8	67	4	16.75	54.91666667
52_8	8	4	2	4.666666667
52_8	24	4	6	17.33333333
52_8	11	4	2.75	4.916666667
52_8	4	4	1	2
52_8	1	4	0.25	0.25
52_8	1	4	0.25	0.25
52_8	1	4	0.25	0.25
52_9	27	4	6.75	12.91666667
52_9	45	4	11.25	80.91666667
52_9	6	4	1.5	3.666666667
52_9	28	4	7	38.66666667
52_9	15	4	3.75	12.91666667
52_9	4	4	1	0.666666667
52_9	2	4	0.5	1
52_9	2	4	0.5	1
52_10	330	39	8.461538462	56.09716599
52_10	180	39	4.615384615	50.24291498
52_10	124	39	3.179487179	14.73009447
52_10	85	39	2.179487179	13.62483131
52_10	68	39	1.743589744	7.090418354
52_10	19	39	0.487179487	2.519568151
52_10	52	39	1.333333333	4.754385965
52_10	5	39	0.128205128	0.114709852
52_10	2	39	0.051282051	0.049932524
52_11	303	38	7.973684211	40.29658606
52_11	106	38	2.789473684	16.98150782
52_11	63	38	1.657894737	7.204125178
52_11	128	38	3.368421053	25.64438122
52_11	85	38	2.236842105	15.80725462
52_11	12	38	0.315789474	0.654338549
52_11	30	38	0.789473684	1.19772404
52_11	5	38	0.131578947	0.117354196
52_11	1	38	0.026315789	0.026315789
52_12	552	35	15.77142857	283.2991597
52_12	73	35	2.085714286	15.72773109
52_12	125	35	3.571428571	8.957983193
52_12	51	35	1.457142857	5.608403361
52_12	68	35	1.942857143	11.8789916
52_12	32	35	0.914285714	12.72773109
52_12	19	35	0.542857143	1.549579832
52_12	5	35	0.142857143	0.478991597
52_12	2	35	0.057142857	0.055462185
52_13	86	12	7.166666667	20.51515152
52_13	21	12	1.75	4.75
52_13	25	12	2.083333333	8.446969697
52_13	38	12	3.166666667	23.78787879
52_13	9	12	0.75	2.022727273
52_13	6	12	0.5	2.090909091
52_13	13	12	1.083333333	1.356060606
52_13	2	12	0.166666667	0.151515152
52_14	93	12	7.75	61.29545455
52_14	25	12	2.083333333	24.26515152
52_14	7	12	0.583333333	0.992424242
52_14	30	12	2.5	16.09090909
52_14	6	12	0.5	0.818181818
52_14	1	12	0.083333333	0.083333333
52_14	1	12	0.083333333	0.083333333
52_15	78	9	8.666666667	49
52_15	40	9	4.444444444	41.02777778
52_15	36	9	4	31
52_15	24	9	2.666666667	11.5
52_15	2	9	0.222222222	0.194444444
52_15	1	9	0.111111111	0.111111111
52_15	6	9	0.666666667	1.75
52_15	3	9	0.333333333	0.25
52_16	248	9	27.55555556	149.2777778
52_16	10	9	1.111111111	1.611111111
52_16	15	9	1.666666667	4.75
52_16	3	9	0.333333333	0.25
52_16	7	9	0.777777778	1.694444444
53_1	8430	296	28.47972973	1106.847045
53_1	2038	296	6.885135135	31.87828676
53_1	13424	296	45.35135135	1420.506642
53_1	385	296	1.300675676	3.980474118
53_1	7312	296	24.7027027	344.5892808
53_1	6815	296	23.02364865	549.2299473
53_1	1010	296	3.412162162	34.2634448
53_1	43	296	0.14527027	0.470350435
53_1	4	296	0.013513514	0.054054054
53_1	11	296	0.037162162	0.076580394
53_1	104	296	0.351351351	0.513421896
53_1	1521	296	5.138513514	47.45532524
53_1	2	296	0.006756757	0.006733852
53_1	85	296	0.287162162	1.412173614
53_1	19	296	0.064189189	0.087391205
53_1	24	296	0.081081081	0.128996793
53_1	11	296	0.037162162	0.083360055
53_1	20	296	0.067567568	0.124232707
54_1	747	34	21.97058824	339.6051693
54_1	984	34	28.94117647	310.8449198
54_1	150	34	4.411764706	28.18894831
54_1	1186	34	34.88235294	1797.500891
54_1	14	34	0.411764706	1.704099822
54_1	149	34	4.382352941	12.36452763
54_1	15	34	0.441176471	1.70855615
54_1	31	34	0.911764706	4.325311943
54_1	27	34	0.794117647	3.865418895
54_1	35	34	1.029411765	2.877896613
54_1	23	34	0.676470588	2.104278075
54_1	20	34	0.588235294	0.916221034
54_1	2	34	0.058823529	0.117647059
54_1	1	34	0.029411765	0.029411765
54_1	5	34	0.147058824	0.735294118
54_1	1	34	0.029411765	0.029411765
54_1	2	34	0.058823529	0.117647059
54_2	17	34	0.5	1.106060606
54_2	3441	34	101.2058824	3632.653298
54_2	704	34	20.70588235	141.426025
54_2	295	34	8.676470588	53.55882353
54_2	40	34	1.176470588	3.604278075
54_2	65	34	1.911764706	4.628342246
54_2	703	34	20.67647059	519.3163993
54_2	74	34	2.176470588	19.36185383
54_2	32	34	0.941176471	4.602495544
54_2	48	34	1.411764706	5.582887701
54_2	6	34	0.176470588	0.210338681
54_2	182	34	5.352941176	91.08377897
54_2	50	34	1.470588235	16.80213904
54_2	49	34	1.441176471	5.76916221
54_2	5	34	0.147058824	0.371657754
54_2	3	34	0.088235294	0.143493761
54_2	33	34	0.970588235	5.423351159
54_3	2	20	0.1	0.2
54_3	676	20	33.8	334.6947368
54_3	1342	20	67.1	2697.252632
54_3	766	20	38.3	1088.536842
54_3	151	20	7.55	163.2078947
54_3	387	20	19.35	286.1342105
54_3	46	20	2.3	11.48421053
54_3	9	20	0.45	1.102631579
54_3	49	20	2.45	5.734210526
54_3	241	20	12.05	58.47105263
54_3	163	20	8.15	112.6605263
54_3	6	20	0.3	0.431578947
54_3	52	20	2.6	6.989473684
54_3	36	20	1.8	3.115789474
54_3	53	20	2.65	7.186842105
54_3	4	20	0.2	0.273684211
54_3	1	20	0.05	0.05
54_3	2	20	0.1	0.094736842
54_3	1	20	0.05	0.05
54_3	3	20	0.15	0.239473684
54_4	3258	34	95.82352941	3057.11943
54_4	203	34	5.970588235	52.33244207
54_4	110	34	3.235294118	16.67023173
54_4	128	34	3.764705882	14.2459893
54_4	459	34	13.5	133.5909091
54_4	261	34	7.676470588	191.013369
54_4	248	34	7.294117647	79.24420677
54_4	82	34	2.411764706	16.97682709
54_4	25	34	0.735294118	1.29144385
54_4	10	34	0.294117647	0.88057041
54_4	4	34	0.117647059	0.106951872
54_4	22	34	0.647058824	1.386809269
54_4	4	34	0.117647059	0.167557932
54_4	97	34	2.852941176	10.85650624
54_4	175	34	5.147058824	40.67468806
54_4	1	34	0.029411765	0.029411765
54_4	88	34	2.588235294	21.2798574
54_4	3	34	0.088235294	0.143493761
54_4	17	34	0.5	1.106060606
54_4	4	34	0.117647059	0.470588235
54_4	29	34	0.852941176	4.614081996
54_4	4	34	0.117647059	0.288770053
54_4	1	34	0.029411765	0.029411765
54_4	1	34	0.029411765	0.029411765
54_5	37	7	5.285714286	14.9047619
54_5	84	7	12	40
54_5	25	7	3.571428571	6.285714286
54_5	15	7	2.142857143	2.80952381
54_5	109	7	15.57142857	252.2857143
54_5	10	7	1.428571429	5.285714286
54_5	13	7	1.857142857	2.476190476
54_5	12	7	1.714285714	6.571428571
54_5	12	7	1.714285714	6.238095238
54_5	8	7	1.142857143	3.476190476
54_5	25	7	3.571428571	9.619047619
54_5	4	7	0.571428571	1.285714286
54_5	6	7	0.857142857	2.142857143
54_5	2	7	0.285714286	0.238095238
54_5	5	7	0.714285714	0.904761905
54_5	2	7	0.285714286	0.571428571
54_5	9	7	1.285714286	6.904761905
54_5	1	7	0.142857143	0.142857143
54_6	408	20	20.4	268.5684211
54_6	979	20	48.95	605.3131579
54_6	16	20	0.8	3.326315789
54_6	280	20	14	218.3157895
54_6	216	20	10.8	81.64210526
54_6	109	20	5.45	102.6815789
54_6	8	20	0.4	0.568421053
54_6	36	20	1.8	6.8
54_6	5	20	0.25	0.407894737
54_6	65	20	3.25	60.19736842
54_6	36	20	1.8	9.852631579
54_6	15	20	0.75	2.618421053
54_6	2	20	0.1	0.094736842
54_6	1	20	0.05	0.05
54_6	7	20	0.35	1.397368421
54_6	1	20	0.05	0.05
54_6	1	20	0.05	0.05
54_6	2	20	0.1	0.2
54_6	1	20	0.05	0.05
54_6	1	20	0.05	0.05
54_7	148	22	6.727272727	36.87445887
54_7	305	22	13.86363636	675.7424242
54_7	955	22	43.40909091	1195.967532
54_7	111	22	5.045454545	30.71212121
54_7	39	22	1.772727273	9.136363636
54_7	4	22	0.181818182	0.155844156
54_7	52	22	2.363636364	11.95670996
54_7	22	22	1	1.333333333
54_7	15	22	0.681818182	1.37012987
54_7	22	22	1	7.714285714
54_7	1	22	0.045454545	0.045454545
54_7	3	22	0.136363636	0.218614719
54_7	1	22	0.045454545	0.045454545
54_7	5	22	0.227272727	0.755411255
54_7	1	22	0.045454545	0.045454545
54_8	15	6	2.5	5.9
54_8	127	6	21.16666667	375.3666667
54_8	116	6	19.33333333	201.8666667
54_8	41	6	6.833333333	59.36666667
54_8	38	6	6.333333333	77.06666667
54_8	205	6	34.16666667	1673.766667
54_8	9	6	1.5	5.5
54_8	13	6	2.166666667	4.166666667
54_8	13	6	2.166666667	5.766666667
54_8	11	6	1.833333333	3.366666667
54_8	1	6	0.166666667	0.166666667
54_8	3	6	0.5	0.7
54_8	12	6	2	4.8
54_9	664	5	132.8	15407.7
54_9	1	5	0.2	0.2
54_9	9	5	1.8	3.7
54_9	24	5	4.8	14.7
54_9	1	5	0.2	0.2
54_9	54	5	10.8	351.2
54_9	33	5	6.6	78.3
54_9	1	5	0.2	0.2
55_1	168	12	14	154
55_1	134	12	11.16666667	80.6969697
55_1	268	12	22.33333333	426.0606061
55_1	3	12	0.25	0.386363636
55_1	27	12	2.25	26.20454545
55_1	2	12	0.166666667	0.151515152
55_1	5	12	0.416666667	0.992424242
55_2	43	10	4.3	14.01111111
55_2	6	10	0.6	1.155555556
55_2	1	10	0.1	0.1
55_2	15	10	1.5	5.833333333
55_3	134	12	11.16666667	73.06060606
55_3	7	12	0.583333333	1.356060606
55_3	30	12	2.5	13.90909091
55_3	1	12	0.083333333	0.083333333
55_3	3	12	0.25	0.75
55_4	38	7	5.428571429	10.95238095
55_4	113	7	16.14285714	79.47619048
55_4	117	7	16.71428571	155.2380952
55_4	39	7	5.571428571	73.95238095
55_4	1	7	0.142857143	0.142857143
55_5	83	12	6.916666667	14.81060606
55_5	184	12	15.33333333	158.0606061
55_5	313	12	26.08333333	185.3560606
55_5	53	12	4.416666667	23.90151515
55_5	2	12	0.166666667	0.151515152
55_5	2	12	0.166666667	0.333333333
55_5	3	12	0.25	0.75
55_5	4	12	0.333333333	1.333333333
55_5	19	12	1.583333333	7.356060606
55_6	32	11	2.909090909	8.290909091
55_6	2	11	0.181818182	0.363636364
55_6	18	11	1.636363636	7.054545455
55_6	7	11	0.636363636	0.654545455
55_6	2	11	0.181818182	0.363636364
55_6	1	11	0.090909091	0.090909091
55_7	237	5	47.4	803.3
55_7	72	5	14.4	95.3
55_7	71	5	14.2	118.7
55_7	4	5	0.8	3.2
56_1	896	7	128	1650.666667
56_1	1065	7	152.1428571	1401.809524
56_1	1133	7	161.8571429	3747.142857
56_1	808	7	115.4285714	287.952381
56_1	709	7	101.2857143	80.23809524
56_1	285	7	40.71428571	508.9047619
56_1	81	7	11.57142857	21.28571429
56_1	339	7	48.42857143	1289.285714
56_1	268	7	38.28571429	2485.571429
56_2	1156	3	385.3333333	35040.33333
56_2	3036	3	1012	544053
56_2	1066	3	355.3333333	72912.33333
56_2	733	3	244.3333333	18604.33333
56_2	1236	3	412	148492
56_2	860	3	286.6666667	58434.33333
56_2	52	3	17.33333333	709.3333333
56_2	75	3	25	1327
56_3	6	13	0.461538462	0.935897436
56_3	73	13	5.615384615	99.75641026
56_3	730	13	56.15384615	11360.97436
56_3	3	13	0.230769231	0.192307692
56_3	124	13	9.538461538	115.7692308
56_3	49	13	3.769230769	36.85897436
56_3	11	13	0.846153846	1.474358974
56_3	46	13	3.538461538	115.2692308
56_3	176	13	13.53846154	208.6025641
56_3	1659	13	127.6153846	8254.089744
56_3	11	13	0.846153846	3.974358974
56_3	6162	13	474	102807.5
56_3	10	13	0.769230769	7.692307692
56_3	1749	13	134.5384615	3755.935897
56_3	106	13	8.153846154	72.47435897
56_3	9	13	0.692307692	1.397435897
56_3	4784	13	368	51766.5
56_3	6	13	0.461538462	0.602564103
56_3	2220	13	170.7692308	18667.69231
56_3	2	13	0.153846154	0.141025641
56_3	423	13	32.53846154	568.7692308
56_3	2845	13	218.8461538	24995.47436
56_3	1876	13	144.3076923	15930.5641
56_3	16	13	1.230769231	4.358974359
56_3	3946	13	303.5384615	69177.4359
56_3	16017	13	1232.076923	594696.9103
56_3	381	13	29.30769231	493.3974359
56_3	400	13	30.76923077	4240.192308
56_4	23193	21	1104.428571	44645.55714
56_4	50099	21	2385.666667	87419.63333
56_4	783147	20	39157.35	69114709.71
56_4	19242	21	916.2857143	27015.21429
56_4	36543	21	1740.142857	304935.2286
56_4	8421	21	401	14672.9
56_4	11965	19	629.7368421	81354.20468
56_4	6520	21	310.4761905	5233.561905
56_4	215	23	9.347826087	140.8735178
56_4	172	23	7.47826087	138.6245059
56_4	114	20	5.7	38.95789474
56_5	249799	28	8921.392857	5284781.284
56_5	315187	28	11256.67857	4882375.782
56_5	1218797	24	50783.20833	254852397.6
56_5	74259	26	2856.115385	246062.1062
56_5	70448	26	2709.538462	1206520.898
56_5	29547	26	1136.423077	171528.3338
56_5	28294	24	1178.916667	298726.6884
56_5	7343	26	282.4230769	6483.213846
56_5	98	26	3.769230769	28.18461538
56_5	1125	25	45	765.3333333
56_5	165	25	6.6	59
56_6	26140	24	1089.166667	261590.7536
56_6	185362	24	7723.416667	10441815.3
56_6	429882	23	18690.52174	29104102.26
56_6	13913	24	579.7083333	22009.69384
56_6	36626	24	1526.083333	508901.1232
56_6	23899	24	995.7916667	183425.3895
56_6	13598	23	591.2173913	75256.08696
56_6	12104	24	504.3333333	54828.75362
56_6	2667	25	106.68	3847.06
56_6	9894	24	412.25	28224.63043
56_6	5719	24	238.2916667	7746.824275
56_7	20924	24	871.8333333	334555.0145
56_7	101461	24	4227.541667	3043063.303
56_7	212458	23	9237.304348	8254371.949
56_7	3980	24	165.8333333	7127.623188
56_7	23264	24	969.3333333	199234.4928
56_7	9334	24	388.9166667	25496.25362
56_7	5708	23	248.173913	15562.05929
56_7	9499	24	395.7916667	30183.82428
56_7	2852	25	114.08	3001.41
56_7	6077	25	243.08	9028.66
56_7	7062	24	294.25	13386.8913
56_8	6466	6	1077.666667	45953.06667
56_8	19434	6	3239	336646.8
56_8	7626	6	1271	11448
56_8	9267	6	1544.5	51485.9
56_8	4182	6	697	32603.6
57_1	1524	28	54.42857143	10652.25397
57_1	2168	28	77.42857143	34240.10582
57_1	2368	28	84.57142857	10653.06878
57_1	3432	28	122.5714286	58452.77249
57_1	462	28	16.5	235.8888889
57_1	1469	28	52.46428571	15536.33201
57_1	3928	28	140.2857143	74927.10053
57_1	558	28	19.92857143	1594.883598
57_1	1630	28	58.21428571	4097.656085
57_1	24972	28	891.8571429	1178027.831
57_1	3892	28	139	44632.07407
57_1	8806	28	314.5	290906.4815
57_1	10618	28	379.2142857	206472.545
57_1	2813	28	100.4642857	42433.29497
57_1	2035	28	72.67857143	35292.00397
58_1	1708	41	41.65853659	30416.53049
58_1	11591	41	282.7073171	98385.5622
58_1	376	41	9.170731707	99.64512195
58_1	624	41	15.2195122	322.5256098
58_1	219	41	5.341463415	25.4304878
58_1	1994	41	48.63414634	1104.187805
58_1	3312	41	80.7804878	16669.57561
58_1	12062	41	294.195122	42106.16098
58_1	15429	41	376.3170732	51904.42195
58_1	31063	41	757.6341463	408917.6878
58_1	243	41	5.926829268	220.1195122
58_1	607	41	14.80487805	240.7609756
58_1	527	41	12.85365854	274.3280488
58_1	967	41	23.58536585	254.4487805
58_1	1487	41	36.26829268	826.7512195
58_1	12	41	0.292682927	0.862195122
58_1	47148	41	1149.95122	773771.0976
58_1	11	41	0.268292683	1.351219512
58_1	20	41	0.487804878	1.906097561
58_1	473	41	11.53658537	2827.304878
58_1	3419	41	83.3902439	6330.243902
58_1	121	41	2.951219512	81.89756098
58_1	92	41	2.243902439	11.78902439
58_1	18	41	0.43902439	7.052439024
58_1	44	41	1.073170732	3.219512195
58_1	62	41	1.512195122	49.95609756
58_1	183	41	4.463414634	107.354878
58_1	938	41	22.87804878	1098.509756
58_1	416	41	10.14634146	52.97804878
58_1	279	41	6.804878049	41.16097561
58_1	268	41	6.536585366	27.05487805
58_1	142	41	3.463414634	5.754878049
58_1	24	41	0.585365854	3.498780488
58_1	728	41	17.75609756	527.7890244
58_1	24	41	0.585365854	1.548780488
58_1	255	41	6.219512195	38.47560976
58_1	131	41	3.195121951	8.91097561
58_1	1062	41	25.90243902	455.7902439
58_1	226	41	5.512195122	31.70609756
58_1	32	41	0.780487805	6.725609756
58_1	16	41	0.390243902	1.043902439
58_1	134	41	3.268292683	13.10121951
58_1	201	41	4.902439024	26.8402439
58_1	629	41	15.34146341	95.0804878
58_1	32	41	0.780487805	2.675609756
58_1	106	41	2.585365854	5.398780488
58_1	2137	41	52.12195122	2320.609756
58_1	47	41	1.146341463	2.37804878
58_1	220	41	5.365853659	99.93780488
58_1	414	41	10.09756098	101.7902439
58_1	308	41	7.512195122	874.2560976
58_1	34	41	0.829268293	1.195121951
58_1	4	41	0.097560976	0.190243902
58_1	610	41	14.87804878	199.6597561
58_1	11	41	0.268292683	1.051219512
58_1	40	41	0.975609756	22.22439024
58_1	15	41	0.365853659	0.787804878
58_1	139	41	3.390243902	235.8939024
58_1	120	41	2.926829268	14.0695122
58_1	68	41	1.658536585	7.380487805
58_1	22	41	0.536585366	11.80487805
58_1	3	41	0.073170732	0.219512195
58_1	40	41	0.975609756	10.87439024
58_1	4	41	0.097560976	0.140243902
58_1	8	41	0.195121951	0.31097561
58_1	1592	41	38.82926829	2080.395122
58_1	48	41	1.170731707	13.54512195
58_1	94	41	2.292682927	159.3621951
58_1	18	41	0.43902439	0.902439024
58_1	42	41	1.024390244	5.074390244
58_1	1	41	0.024390244	0.024390244
58_1	3	41	0.073170732	0.119512195
58_1	9	41	0.219512195	0.775609756
58_1	3	41	0.073170732	0.219512195
58_1	31	41	0.756097561	2.58902439
58_1	4	41	0.097560976	0.090243902
58_1	5	41	0.12195122	0.159756098
58_1	836	41	20.3902439	1031.693902
58_1	2	41	0.048780488	0.097560976
58_1	43	41	1.048780488	3.847560976
58_1	1	41	0.024390244	0.024390244
58_1	477	41	11.63414634	274.9378049
58_1	5	41	0.12195122	0.159756098
58_1	3	41	0.073170732	0.219512195
58_1	20	41	0.487804878	7.956097561
58_1	1	41	0.024390244	0.024390244
58_1	1	41	0.024390244	0.024390244
58_1	63	41	1.536585366	18.15487805
58_1	81	41	1.975609756	33.42439024
58_1	25	41	0.609756098	5.043902439
58_1	3	41	0.073170732	0.119512195
58_1	309	41	7.536585366	331.104878
58_1	1	41	0.024390244	0.024390244
58_1	21	41	0.512195122	3.956097561
58_1	7	41	0.170731707	0.345121951
58_1	218	41	5.317073171	153.6219512
58_1	2	41	0.048780488	0.097560976
58_1	167	41	4.073170732	51.9195122
58_1	1	41	0.024390244	0.024390244
58_1	22	41	0.536585366	1.204878049
58_1	15	41	0.365853659	0.937804878
58_1	9	41	0.219512195	0.475609756
58_1	71	41	1.731707317	5.801219512
58_1	117	41	2.853658537	78.57804878
58_1	26	41	0.634146341	2.887804878
58_1	83	41	2.024390244	68.17439024
58_1	146	41	3.56097561	318.702439
58_1	181	41	4.414634146	131.4487805
58_1	1	41	0.024390244	0.024390244
58_1	30	41	0.731707317	4.301219512
58_1	32	41	0.780487805	21.92560976
58_1	2	41	0.048780488	0.047560976
58_1	12	41	0.292682927	0.562195122
58_1	5	41	0.12195122	0.209756098
58_1	1	41	0.024390244	0.024390244
58_1	12	41	0.292682927	0.962195122
58_1	49	41	1.195121951	9.41097561
58_1	2	41	0.048780488	0.097560976
58_1	1	41	0.024390244	0.024390244
58_1	1	41	0.024390244	0.024390244
58_1	1	41	0.024390244	0.024390244
58_1	10	41	0.243902439	1.08902439
58_1	1	41	0.024390244	0.024390244
58_1	25	41	0.609756098	8.443902439
58_1	4	41	0.097560976	0.390243902
58_1	6	41	0.146341463	0.62804878
58_1	7	41	0.170731707	0.895121951
58_1	6	41	0.146341463	0.87804878
58_1	32	41	0.780487805	15.02560976
58_1	15	41	0.365853659	2.037804878
58_1	3	41	0.073170732	0.119512195
58_1	3	41	0.073170732	0.219512195
58_1	43	41	1.048780488	35.29756098
58_1	1	41	0.024390244	0.024390244
58_1	6	41	0.146341463	0.62804878
58_1	1	41	0.024390244	0.024390244
58_1	1	41	0.024390244	0.024390244
58_1	1	41	0.024390244	0.024390244
58_1	8	41	0.195121951	0.81097561
58_1	6	41	0.146341463	0.87804878
58_1	5	41	0.12195122	0.309756098
58_1	12	41	0.292682927	1.912195122
58_1	5	41	0.12195122	0.409756098
58_1	2	41	0.048780488	0.097560976
58_1	3	41	0.073170732	0.219512195
58_1	47	41	1.146341463	53.87804878
59_1	2955	18	164.1666667	277.2058824
59_1	4229	18	234.9444444	1344.408497
59_1	1256	18	69.77777778	201.5947712
59_1	1697	18	94.27777778	248.6830065
59_1	1925	18	106.9444444	572.879085
59_1	699	18	38.83333333	111.7941176
59_1	2014	18	111.8888889	5281.045752
59_1	255	18	14.16666667	287.2058824
59_1	377	18	20.94444444	266.5261438
59_1	538	18	29.88888889	4988.457516
60_1	4286	27	158.7407407	134509.661
60_1	42	27	1.555555556	65.33333333
60_1	2342	27	86.74074074	166580.1225
60_1	798	27	29.55555556	3709.717949
60_1	679	27	25.14814815	12017.59259
60_1	20	27	0.740740741	10.89173789
60_1	2503	27	92.7037037	69210.1396
60_1	1033	27	38.25925926	6182.353276
60_1	27	27	1	18.53846154
60_1	20	27	0.740740741	10.89173789
60_1	1727	27	63.96296296	10066.19088
60_1	1012	27	37.48148148	7139.336182
60_1	13	27	0.481481481	1.874643875
60_1	2915	27	107.962963	32825.03704
60_1	5	27	0.185185185	0.925925926
60_1	7455	27	276.1111111	365272.2564
60_1	60	27	2.222222222	89.02564103
60_1	4	27	0.148148148	0.592592593
60_1	20	27	0.740740741	13.35327635
60_1	1803	27	66.77777778	26265.02564
60_1	9	27	0.333333333	3
60_1	85	27	3.148148148	267.5925926
60_1	4	27	0.148148148	0.592592593
60_1	17	27	0.62962963	7.472934473
60_1	1709	27	63.2962963	63570.52422
60_1	42	27	1.555555556	65.33333333
60_1	186	27	6.888888889	243.4102564
60_1	28	27	1.037037037	23.26780627
60_1	20	27	0.740740741	10.89173789
60_1	35	27	1.296296296	21.98575499
60_1	148	27	5.481481481	131.4131054
60_1	64	27	2.37037037	151.7037037
60_1	30	27	1.111111111	33.33333333
60_1	1	27	0.037037037	0.037037037
60_1	13	27	0.481481481	3.028490028
60_1	68	27	2.518518519	151.3361823
60_1	4	27	0.148148148	0.592592593
60_1	127	27	4.703703704	597.3703704
60_1	315	27	11.66666667	3031
60_1	548	27	20.2962963	8936.216524
60_1	51	27	1.888888889	96.33333333
60_1	60	27	2.222222222	48.94871795
60_1	1	27	0.037037037	0.037037037
60_1	162	27	6	972
60_1	1	27	0.037037037	0.037037037
60_1	1	27	0.037037037	0.037037037
60_1	25	27	0.925925926	5.225071225
60_1	55	27	2.037037037	20.57549858
60_1	1	27	0.037037037	0.037037037
60_1	7	27	0.259259259	1.814814815
60_1	24	27	0.888888889	15.17948718
60_1	5	27	0.185185185	0.925925926
60_1	15	27	0.555555556	4.179487179
60_1	27	27	1	15.30769231
60_1	5	27	0.185185185	0.464387464
60_1	1	27	0.037037037	0.037037037
60_1	7	27	0.259259259	1.814814815
60_1	5	27	0.185185185	0.925925926
60_1	9	27	0.333333333	3
60_1	1	27	0.037037037	0.037037037
60_1	2	27	0.074074074	0.148148148
60_1	2	27	0.074074074	0.071225071
60_1	4	27	0.148148148	0.207977208
60_1	2	27	0.074074074	0.071225071
60_1	5	27	0.185185185	0.925925926
60_1	6	27	0.222222222	1.333333333
60_1	3	27	0.111111111	0.333333333
60_1	9	27	0.333333333	3
60_1	10	27	0.37037037	3.703703704
60_1	5	27	0.185185185	0.925925926
60_1	30	27	1.111111111	33.33333333
60_1	1	27	0.037037037	0.037037037
60_1	12	27	0.444444444	5.333333333
62_1	8633	254	33.98818898	159.1026267
62_1	1444	254	5.68503937	69.95574367
62_1	1207	254	4.751968504	30.47973919
62_1	1597	254	6.287401575	86.70363512
62_1	2901	254	11.42125984	293.1301391
62_1	138	254	0.543307087	1.766891787
62_1	1945	254	7.657480315	48.31304659
62_1	2684	254	10.56692913	50.13581899
62_1	4	254	0.015748031	0.015561296
62_1	229	254	0.901574803	1.883554822
62_1	824	254	3.244094488	11.16547882
62_1	2500	254	9.842519685	157.4138371
62_1	859	254	3.381889764	37.13026361
62_1	424	254	1.669291339	3.819053251
62_1	75	254	0.295275591	1.212862967
62_1	37	254	0.145669291	0.172372475
62_1	32	254	0.125984252	0.181693691
62_1	42	254	0.165354331	0.407332483
62_1	42	254	0.165354331	0.415237621
62_1	8	254	0.031496063	0.07805546
62_1	43	254	0.169291339	0.489013725
62_1	9	254	0.035433071	0.042217796
62_1	1	254	0.003937008	0.003937008
62_1	2	254	0.007874016	0.007842893
62_1	2586	254	10.18110236	508.4413806
62_1	35	254	0.137795276	0.388052037
62_1	6	254	0.023622047	0.031060347
