10_1 1.47603 2.19772 0.96116 3.79786e-14 1.45344 1.69975 0.894957 1.0 0.210692 1.24673 1.66339 4.19187 1.45909 1.9333
14_1 0.744588 -0.362898 0.685419 0.0418788 1.32386 0.825669 0.490297 0.322 -0.920359 0.181366 2.61923 -3.36418 0.111209 1.4349
15_1 0.0756822 3.70072 0.0018743 0.878242 1.69019 1.10084 0.838601 1.0 -6.73121 1.21936 2.14898 3.67087 -0.299751 2.46724
16_1 1.52462 0.0474942 0.633543 6.52115e-17 1.39295 2.17895 0.889847 1.0 2.08283 1.26657 1.51261 -12.4989 1.87009 2.50433
18_1 1.12109 1.98165 0.942221 6.16316e-05 1.44122 1.98928 0.813244 0.985 -1.13938 0.899655 2.00054 -0.0427054 1.61655 2.33374
18_10 1.1584 2.03949 0.98602 7.36325e-05 1.46667 1.97076 0.979774 1.0 -2.97419 1.26337 1.67115 0.365859 1.60373 2.34467
18_3 1.21738 2.37007 0.972829 4.1726e-05 1.50323 1.96081 0.981584 1.0 -2.3828 1.26867 1.72844 1.26389 1.31661 2.57115
18_5 0.856834 2.08648 0.424486 0.233599 1.44962 1.98035 0.974562 1.0 -3.74695 1.14161 1.74247 0.500812 1.55295 2.39168
18_6 1.44572 2.18264 0.945323 5.2166e-05 1.45523 1.98434 0.82942 0.989 -0.0349183 0.910234 1.99175 0.827692 1.49551 2.45711
18_8 1.20931 2.53044 0.851097 0.00876562 1.46875 1.97035 0.960271 1.0 -1.88382 1.20637 1.73941 2.80055 1.55342 2.36224
19_1 1.36167 0.875941 0.925937 6.40748e-14 1.32832 1.71052 0.831843 1.0 0.281487 1.09806 1.55601 -5.26654 1.39349 2.01082
19_2 1.30274 0.990742 0.856141 2.85726e-07 1.31733 1.6647 0.851726 1.0 -0.117439 1.07121 1.54947 -3.75348 1.32309 2.02368
1_1 1.47677 0.918122 0.943519 2.55465e-25 1.77379 0.659343 0.94553 1.0 -3.75147 1.62253 1.94139 0.963584 0.097461 1.14857
20_1 1.00691 0.12714 0.828276 4.01465e-07 1.70336 1.60941 0.848233 1.0 -4.82066 1.42893 1.98277 -10.1486 1.32798 1.89275
21_1 1.44456 1.05387 0.807685 0.000406826 1.65635 1.00308 0.851518 0.988 -1.13401 1.26393 2.01474 0.0829928 -0.264718 2.23008
21_2 1.13555 4.20204 0.58005 0.0281022 1.63345 0.879865 0.796078 0.936 -1.79695 1.08061 2.17128 4.22449 -0.688884 2.39422
23_1 1.17171 -0.269444 0.409457 2.21562e-06 1.85957 0.0609736 0.775394 1.0 -4.48082 1.58344 2.18171 -0.825729 -0.740956 0.786439
24_1 -0.23502 3.90106 0.00274553 0.791161 1.44629 2.05014 0.40644 0.983 -4.8675 0.799095 2.13294 5.08444 1.31651 2.71331
25_1 1.00783 0.966218 0.652359 4.51253e-09 1.49088 2.25632 0.863792 1.0 -4.51173 1.29666 1.69414 -16.5142 2.10316 2.40621
26_1 1.42384 1.01462 0.948691 4.39745e-11 1.38809 1.86122 0.823141 1.0 0.247236 1.09326 1.66953 -6.62282 1.60874 2.11563
27_1 2.62589 -2.92297 0.862317 2.09515e-07 1.95124 -0.194894 0.763464 1.0 2.25902 1.37053 2.53995 -3.03981 -2.05145 1.51255
27_2 2.01507 -0.583929 0.915534 6.67738e-09 1.84507 0.0924041 0.75112 1.0 0.670784 1.29846 2.34171 -1.75484 -0.708211 0.804529
27_3 2.29921 -1.32426 0.848051 4.20781e-07 1.91518 -0.0941198 0.649343 0.989 1.05682 1.18404 2.58389 -1.58039 -1.56484 1.46702
27_4 2.00767 0.139834 0.54268 0.0948852 1.66693 0.225758 0.395415 0.183 0.291912 -0.692091 4.02067 -0.114986 -1.35264 1.59623
28_1 1.63359 -2.63188 0.978591 0.00133815 1.5375 2.1996 0.888967 0.902 0.354392 0.992727 2.05307 -11.8486 1.38824 3.00839
28_2 1.79132 -0.847473 0.955265 2.84597e-05 1.6269 1.82112 0.891432 1.0 0.705837 1.16015 2.09111 -10.5038 1.30763 2.32224
28_3 0.724105 0.0379977 0.398302 0.093336 2.26081 0.925374 0.686571 0.86 -2.04343 0.971119 3.8815 -1.01663 -0.963133 2.43757
31_3 1.629 1.80456 0.934479 1.23064e-33 1.58211 1.13786 0.923275 1.0 0.902443 1.47915 1.68457 5.7178 0.903778 1.35825
31_4 1.62351 1.80064 0.941474 0.00611807 0.918723 2.85517 0.757752 0.538 3.66203 0.519011 1.27769 -3.02824 2.2061 3.57227
31_5 1.66743 1.50047 0.896262 2.96185e-26 1.4248 1.60184 0.920271 1.0 5.02924 1.33362 1.52043 -1.33649 1.45688 1.75044
33_1 1.21383 0.937937 0.973401 8.08234e-11 1.57787 3.44219 0.850337 1.0 -1.87787 1.20276 1.94708 -4.72458 2.40991 4.48869
34_2 1.65554 2.10862 0.96991 0.00223555 1.4742 1.70675 0.838562 0.762 0.761481 0.991987 1.93342 0.577678 0.37385 3.02761
34_3 1.89503 1.46264 0.629245 0.109284 1.80435 0.684552 0.737057 0.561 0.150525 0.513303 2.91991 0.475266 -2.31275 4.10553
35_1 1.39261 1.20787 0.927337 2.52673e-16 1.46659 1.97385 0.905966 1.0 -0.760684 1.27779 1.65535 -5.90319 1.71549 2.22912
36_1 1.51184 0.576418 0.966816 1.15637e-05 1.62289 0.843809 0.906504 1.0 -0.642547 1.28188 1.9462 -0.917674 0.271368 1.37995
36_2 1.75045 0.719032 0.936895 3.54205e-09 1.63167 0.978225 0.934556 1.0 1.11926 1.4253 1.83914 -1.20647 0.541741 1.37493
37_1 0.601493 -0.654925 0.927697 3.32771e-08 1.07596 -0.499772 0.848077 1.0 -4.8745 0.882113 1.26128 -0.293679 -1.5565 0.582361
38_1 1.18697 -0.366079 0.777629 5.69172e-14 1.50416 1.53017 0.927832 1.0 -4.87415 1.37867 1.6327 -18.6067 1.33651 1.72712
39_1 1.04897 0.449135 0.717434 3.60358e-09 1.52214 1.64094 0.941365 1.0 -7.40899 1.40255 1.65367 -11.6368 1.44022 1.83699
39_2 0.982089 -0.113897 0.656591 1.4831e-05 1.63442 0.950963 0.887479 1.0 -5.27373 1.39519 1.8755 -5.18906 0.560898 1.33256
39_3 1.0494 -0.178223 0.671546 9.83817e-06 1.64282 0.942588 0.873755 1.0 -4.60998 1.41323 1.8909 -5.19172 0.49261 1.36073
39_4 1.13465 -0.215686 0.805533 4.41745e-07 1.63041 0.96452 0.885015 1.0 -3.82415 1.39166 1.90941 -5.5076 0.509771 1.34497
3_1 2.47063 -2.23158 0.796604 0.0416059 1.93313 -0.150259 0.675765 0.433 0.678768 0.300364 3.49354 -0.831351 -5.33729 4.6577
3_2 2.27184 -0.112104 0.982936 1.29937e-05 1.89133 -0.0479783 0.867094 0.984 1.07133 1.24675 2.65017 -0.0710087 -2.18673 1.50574
41_1 1.29113 1.56664 0.900416 6.09847e-10 1.66371 1.17603 0.9636 1.0 -4.86402 1.52191 1.81267 1.79686 0.756493 1.60117
43_1 1.57199 -0.620056 0.89119 1.24187e-06 1.87371 0.262221 0.920476 1.0 -1.75313 1.55367 2.23805 -1.56402 -0.999677 1.31695
44_1 1.39758 0.31494 0.740242 4.64332e-06 1.50618 1.82881 0.979234 1.0 -1.96759 1.39475 1.61306 -11.0588 1.56323 2.09818
45_1 2.00762 -0.146209 0.932547 2.28377e-14 1.84529 0.265949 0.900245 1.0 1.32656 1.59721 2.08477 -1.31973 -0.349928 0.852188
45_2 1.39968 0.337452 0.909651 1.07272e-08 1.59235 1.03666 0.907963 1.0 -1.65791 1.37385 1.824 -3.32587 0.605231 1.42501
45_3 1.55986 0.866593 0.934635 1.63174e-23 1.64562 0.833175 0.892494 1.0 -1.03129 1.49311 1.81994 0.204698 0.508385 1.13774
46_1 1.09138 1.2867 0.35389 0.0413149 1.53212 0.461416 0.431575 0.696 -0.795826 0.435015 2.6057 2.18863 -0.319663 1.18288
46_2 1.82658 0.704763 0.773106 7.49754e-05 1.70401 0.407773 0.76105 0.999 0.465693 1.17297 2.23351 0.931789 -0.288765 0.991219
46_3 1.67174 0.758521 0.56631 0.00473988 1.5891 0.437743 0.527163 0.853 0.175239 0.714868 2.55852 0.879214 -0.340388 1.06792
47_1 2.03918 -0.407169 0.953052 0.00437975 1.94948 0.0603039 0.963195 0.999 0.442246 1.54651 2.33653 -0.635469 -1.39103 1.50577
47_2 2.13314 -0.947918 0.971485 0.00206136 1.91734 0.158773 0.956373 0.998 0.967928 1.48731 2.36492 -1.52158 -1.30553 1.48152
47_3 1.9211 -0.417567 0.967178 0.002549 1.90604 0.169376 0.941915 0.99 0.0556027 1.37912 2.46306 -0.683905 -1.51849 1.69025
47_4 1.69858 0.220789 0.958753 0.00360025 1.89062 0.229598 0.933752 0.979 -0.670356 1.31054 2.42716 -0.00982798 -1.48307 1.97306
49_1 1.65558 0.679965 0.967208 1.45599e-15 1.82684 0.507516 0.955616 1.0 -1.83899 1.65358 2.0112 0.583979 -0.073049 1.0741
49_11 1.59937 1.22866 0.915927 8.26995e-08 1.95782 -0.0214785 0.96359 1.0 -3.11655 1.73224 2.18086 2.46999 -1.00993 0.916077
49_16 1.91031 -0.802132 0.961365 3.62033e-14 1.92467 0.113641 0.951263 1.0 -0.130176 1.72576 2.13771 -1.98126 -0.798396 0.938569
49_2 2.21067 -0.15504 0.930377 2.66497e-05 1.84631 0.331324 0.909276 1.0 1.60894 1.42978 2.28732 -0.759397 -0.877624 1.51039
49_20 1.8432 0.213405 0.910557 3.46122e-08 1.90468 0.195611 0.956157 1.0 -0.540763 1.68421 2.14111 0.0451392 -0.590594 0.927484
49_21 1.6467 0.572816 0.821777 1.9378e-05 1.95758 0.0042927 0.954013 1.0 -2.49962 1.71022 2.20453 1.09528 -1.01619 0.988581
49_23 1.80468 0.841582 0.944451 0.000251989 1.93664 0.0650936 0.940055 1.0 -0.607381 1.50267 2.36941 0.94815 -1.55416 1.6503
49_26 1.42517 2.46707 0.854108 0.00291772 1.94803 0.030082 0.969017 1.0 -3.50057 1.67141 2.26629 3.55204 -1.44505 1.29512
49_27 1.59575 0.435377 0.909441 6.82274e-12 1.83794 0.444811 0.950783 1.0 -2.48987 1.65238 2.0323 -0.0280299 -0.235573 1.07169
49_28 1.7271 0.709459 0.924211 1.17177e-08 1.94151 0.0948266 0.965408 1.0 -2.03375 1.73668 2.13608 1.39091 -0.736936 0.961683
49_29 1.64917 0.636423 0.822771 3.07902e-06 1.9503 0.00247361 0.926437 1.0 -1.93433 1.63692 2.25179 1.06378 -1.11204 1.16184
49_3 1.66426 0.500811 0.913047 2.87747e-08 1.86682 0.367688 0.957674 1.0 -1.91312 1.67178 2.06989 0.367574 -0.346134 1.03264
49_30 1.6946 0.382096 0.954973 8.01948e-11 1.80509 0.566213 0.959977 1.0 -1.07264 1.61305 2.01503 -0.536173 -0.149407 1.19866
49_31 1.49319 1.32315 0.860106 5.41444e-10 1.9061 0.22242 0.959084 1.0 -4.7659 1.73372 2.07634 3.58446 -0.40144 0.82927
49_32 1.55096 0.775187 0.869328 9.62043e-11 1.78274 0.583535 0.939575 1.0 -2.27516 1.59445 1.98598 0.663148 0.00700556 1.11338
49_33 1.61715 0.572939 0.677302 0.0120911 1.94133 0.0230239 0.90101 1.0 -1.19541 1.41026 2.48664 0.565958 -2.04617 1.82544
49_34 1.61305 0.915645 0.82944 0.00166124 1.8889 0.220047 0.945122 1.0 -1.43685 1.53855 2.29563 1.05771 -1.17776 1.38591
49_36 1.53668 0.886074 0.919343 1.76016e-08 1.90365 0.218922 0.960978 1.0 -3.30361 1.68655 2.14059 1.55317 -0.688107 1.06105
49_37 1.67261 1.01526 0.962152 1.26228e-10 1.89138 0.280962 0.957195 1.0 -1.81501 1.66165 2.1266 1.60051 -0.66217 1.08893
49_4 1.43923 1.40081 0.853686 3.22057e-07 1.89102 0.279648 0.953248 1.0 -3.79544 1.67579 2.13894 2.57615 -0.657577 1.04733
49_6 1.4878 1.39772 0.913482 1.50343e-11 1.8807 0.307767 0.952369 1.0 -3.80008 1.69084 2.09081 2.88576 -0.485507 1.04037
49_8 1.85321 -0.442228 0.78382 4.71031e-07 1.91637 0.153725 0.922524 1.0 -0.47816 1.64034 2.17936 -1.26373 -0.822339 1.10453
49_9 1.8041 0.334456 0.964541 9.12136e-14 1.91261 0.226647 0.962561 1.0 -1.04176 1.71059 2.12333 0.228728 -0.752565 1.1246
4_1 1.55178 1.00819 0.938698 5.62902e-32 1.47637 2.23303 0.966062 1.0 2.05243 1.40428 1.54618 -20.1166 2.11901 2.35477
4_2 1.54264 1.761 0.946538 0.0 1.47039 2.11995 0.950444 1.0 2.15613 1.40666 1.53463 -7.13244 2.02771 2.2212
52_1 1.64562 1.15304 0.849899 0.00112228 1.49184 1.29883 0.90438 1.0 0.826455 1.14498 1.86088 -0.62459 0.820211 1.72389
52_10 1.45948 1.27054 0.958479 2.27262e-05 1.45918 1.68965 0.945086 1.0 0.00214267 1.1983 1.74593 -2.04517 1.28359 2.09121
52_11 1.51901 1.0956 0.966015 1.24263e-05 1.45976 1.66305 0.943373 1.0 0.417852 1.18516 1.74085 -3.06121 1.30482 2.0326
52_12 1.27265 1.62713 0.884773 0.000500299 1.48578 1.62361 0.941806 1.0 -1.63115 1.24569 1.74839 0.0173269 1.25045 2.02099
52_13 1.13332 1.0922 0.784215 0.00799373 1.51678 0.943039 0.820396 0.968 -1.34158 0.99181 2.10725 0.463153 0.251753 1.55308
52_14 1.67517 1.14881 0.936184 0.00697773 1.50842 1.00146 0.892462 0.904 0.622383 0.993155 2.03684 0.443882 0.341274 1.65062
52_15 1.40564 1.23049 0.948164 0.00508889 1.56786 0.766986 0.853838 0.81 -0.458165 0.869617 2.29959 0.875866 -0.403043 1.66471
52_2 1.48211 1.51005 0.916614 0.000703072 1.46166 1.69014 0.929044 1.0 0.120304 1.14721 1.7833 -0.795475 1.22208 2.11586
52_3 1.62742 0.951416 0.932307 0.000414982 1.47068 1.34254 0.927939 1.0 0.89224 1.12026 1.8075 -1.66752 0.876056 1.79147
52_4 1.15556 1.53512 0.890857 0.000424105 1.46629 1.68937 0.91457 1.0 -1.72418 1.13268 1.84504 -0.710742 1.24854 2.11156
52_5 1.63764 0.923004 0.953409 0.000161811 1.48092 1.34206 0.928031 1.0 0.881664 1.15879 1.8248 -1.68397 0.832807 1.81349
52_6 1.3944 1.38546 0.856604 0.000975708 1.46648 1.69728 0.929667 1.0 -0.51069 1.19255 1.74658 -1.77868 1.35497 2.04106
52_7 1.52784 1.47609 0.951817 3.56081e-05 1.46227 1.68842 0.938073 1.0 0.43063 1.15903 1.74418 -1.06897 1.29761 2.05457
52_8 1.32451 -0.075221 0.499947 0.181724 1.82421 -0.0146915 0.771212 0.598 -0.892582 0.705419 2.84456 -0.0622449 -1.87956 1.84184
52_9 1.41581 0.626791 0.857182 0.023971 1.82385 -0.0476921 0.752848 0.6 -0.664356 0.666952 3.06732 0.624252 -2.24105 1.77857
54_1 1.37272 1.46499 0.944223 3.07192e-08 1.5362 1.65419 0.967547 1.0 -2.20762 1.39682 1.6802 -1.12635 1.3255 1.9926
54_3 1.59312 0.843369 0.955848 1.70368e-09 1.62363 1.22828 0.95956 1.0 -0.353095 1.4474 1.79076 -1.69928 0.769525 1.66446
54_5 1.35428 0.766084 0.823294 7.45754e-06 1.7079 0.479632 0.801651 1.0 -1.62439 1.29114 2.15812 0.884212 -0.172683 1.03477
54_6 1.42452 1.42348 0.958407 6.07855e-09 1.569 1.30886 0.956965 1.0 -1.61986 1.40323 1.74446 0.583824 0.903574 1.6953
54_7 1.54621 1.30157 0.926417 8.26343e-06 1.56848 1.33483 0.948834 1.0 -0.20666 1.35566 1.78304 -0.145228 0.872543 1.75587
54_8 1.89078 0.316025 0.967769 5.07941e-08 1.82719 0.245613 0.882649 1.0 0.298098 1.42113 2.26037 0.15546 -0.675259 1.07162
54_9 1.96554 0.325349 0.964307 0.00289316 1.91356 -0.0408506 0.94904 0.992 0.209246 1.44335 2.43739 0.508461 -1.6796 1.18066
55_1 1.39556 1.4891 0.964096 0.00291907 1.60302 1.03199 0.96222 0.999 -1.11529 1.24718 1.97297 1.0321 0.155878 1.8188
55_5 1.23224 1.19753 0.866917 0.0214919 1.72178 0.723754 0.926688 0.968 -1.65862 1.17199 2.35666 0.674975 -0.845676 1.99117
56_1 1.09221 1.7429 0.309465 0.11983 1.96533 -0.126268 0.900016 1.0 -3.35019 1.477 2.49608 1.66078 -2.4753 1.94214
56_2 1.54501 2.05671 0.951978 3.52496e-05 1.98718 -0.610906 0.889088 0.994 -1.56494 1.50062 2.61568 1.74159 -4.24494 1.74761
5_1 1.50674 0.127874 0.906153 0.000948564 1.45545 1.70176 0.770596 0.907 0.140764 0.739825 2.15094 -6.70801 1.23071 2.15296
5_2 1.40174 0.149398 0.940332 0.000301796 1.44807 1.6963 0.805295 0.936 -0.142397 0.82584 2.13625 -7.22873 1.26569 2.11052
5_3 0.974603 0.629635 0.601701 0.0403896 1.45381 1.69503 0.73057 0.842 -1.22022 0.687553 2.22695 -4.31332 1.21306 2.1862
7_1 1.48916 1.77966 0.96265 6.22457e-10 1.47914 2.16666 0.934214 1.0 0.0948242 1.27218 1.69535 -2.92516 1.91924 2.4287
7_2 1.66226 2.34856 0.951073 7.68741e-06 1.50415 2.17711 0.908832 1.0 0.901773 1.16191 1.84509 0.478768 1.43548 2.85021
7_3 1.32573 0.977608 0.956666 1.07797e-22 1.47959 2.16597 0.949844 1.0 -2.47277 1.35899 1.6004 -15.5004 2.01568 2.31229
7_4 1.29003 0.790829 0.980736 3.12547e-21 1.48098 2.134 0.957383 1.0 -3.21324 1.36055 1.59733 -13.5815 1.9447 2.32604
