10_1 1.47603 2.19772 0.96116 3.79786e-14 1.58511 0.37126 0.96691 1.0 -2.22739 1.49251 1.67551 32.8946 0.265382 0.489076
14_1 0.744588 -0.362898 0.685419 0.0418788 1.55837 0.0678227 0.744437 0.752 -2.31424 0.861027 2.14383 -2.24718 -0.279959 0.455674
15_1 0.0756822 3.70072 0.0018743 0.878242 1.99825 -0.0863142 0.918015 1.0 -11.6633 1.66256 2.31823 7.99352 -0.973683 0.866232
16_1 1.52462 0.0474942 0.633543 6.52115e-17 1.87858 0.21485 0.955899 1.0 -5.95712 1.7572 1.98117 -1.12978 -0.0311917 0.531437
18_1 1.12109 1.98165 0.942221 6.16316e-05 1.59712 0.215213 0.965385 1.0 -4.57905 1.39032 1.81008 22.6698 0.0657957 0.363393
18_10 1.1584 2.03949 0.98602 7.36325e-05 1.44779 0.740932 0.97494 1.0 -7.92838 1.37775 1.51953 16.5252 0.595996 0.895028
18_3 1.21738 2.37007 0.972829 4.1726e-05 1.80155 0.497766 0.99145 1.0 -15.1453 1.72379 1.87612 22.0282 0.342687 0.675638
18_5 0.856834 2.08648 0.424486 0.233599 1.34145 0.685079 0.9801 1.0 -12.7284 1.26849 1.41769 16.4766 0.517291 0.85746
18_6 1.44572 2.18264 0.945323 5.2166e-05 1.81027 0.166245 0.965936 1.0 -2.89989 1.55961 2.05365 19.8744 -0.0166408 0.366808
18_8 1.20931 2.53044 0.851097 0.00876562 1.65756 0.458547 0.979902 1.0 -7.97703 1.55319 1.76472 26.9072 0.308926 0.618938
19_1 1.36167 0.875941 0.925937 6.40748e-14 1.24484 0.166431 0.934987 1.0 2.17898 1.14375 1.35184 8.7925 0.0157538 0.32877
19_2 1.30274 0.990742 0.856141 2.85726e-07 1.31739 0.311699 0.945072 1.0 -0.248443 1.20403 1.43027 7.08554 0.118342 0.506872
1_1 1.47677 0.918122 0.943519 2.55465e-25 1.95997 -0.0831251 0.968135 1.0 -8.90799 1.85434 2.06521 5.81127 -0.404063 0.26306
20_1 1.00691 0.12714 0.828276 4.01465e-07 1.66895 0.22965 0.939568 1.0 -11.2247 1.55835 1.78271 -1.5505 0.0964685 0.357856
21_1 1.44456 1.05387 0.807685 0.000406826 1.87802 0.0736789 0.889381 0.999 -2.64529 1.54797 2.17933 1.96846 -0.877991 1.03917
21_2 1.13555 4.20204 0.58005 0.0281022 1.85732 0.0607757 0.855092 0.97 -2.75154 1.23698 2.30132 5.93235 -1.21862 1.59823
23_1 1.17171 -0.269444 0.409457 2.21562e-06 1.98564 -0.365704 0.833449 1.0 -6.2351 1.74157 2.25013 0.28448 -1.0493 0.251232
24_1 -0.23502 3.90106 0.00274553 0.791161 1.95103 0.0357304 0.817814 1.0 -11.8479 1.58562 2.31126 20.3686 -0.323922 0.413887
25_1 1.00783 0.966218 0.652359 4.51253e-09 1.42169 0.229153 0.965685 1.0 -13.8708 1.3665 1.48083 24.0119 0.170968 0.293324
26_1 1.42384 1.01462 0.948691 4.39745e-11 1.73708 0.23155 0.968663 1.0 -4.71415 1.60668 1.86482 14.1529 0.120327 0.342277
27_1 2.62589 -2.92297 0.862317 2.09515e-07 1.99277 -0.395188 0.788156 1.0 2.39339 1.51259 2.51607 -3.19757 -2.00381 1.07745
27_2 2.01507 -0.583929 0.915534 6.67738e-09 1.97347 -0.333978 0.841544 1.0 0.19138 1.50547 2.38595 -0.819384 -0.955122 0.246021
27_3 2.29921 -1.32426 0.848051 4.20781e-07 1.98585 -0.368953 0.712328 0.995 0.920755 1.30546 2.62224 -1.34084 -1.7525 1.01981
27_4 2.00767 0.139834 0.54268 0.0948852 1.84519 -0.232807 0.527407 0.354 0.178548 0.0722498 3.67116 0.665844 -1.38776 0.781011
28_1 1.63359 -2.63188 0.978591 0.00133815 1.02311 -0.103533 0.981094 1.0 8.4373 0.884907 1.16677 -17.8593 -0.37097 0.173799
28_2 1.79132 -0.847473 0.955265 2.84597e-05 1.7553 0.247621 0.973 1.0 0.378431 1.56516 1.92893 -11.2141 0.0739803 0.452969
28_3 0.724105 0.0379977 0.398302 0.093336 1.99766 -0.0330615 0.876717 0.992 -2.75081 1.05032 2.88625 0.133995 -1.06052 1.03426
31_3 1.629 1.80456 0.934479 1.23064e-33 1.81419 0.239034 0.968756 1.0 -4.99309 1.74091 1.88457 24.8766 0.117342 0.36458
31_4 1.62351 1.80064 0.941474 0.00611807 1.90403 0.0748602 0.972118 1.0 -1.94471 1.62487 2.17813 9.04803 -0.295579 0.437415
31_5 1.66743 1.50047 0.896262 2.96185e-26 1.52775 0.486001 0.956583 1.0 4.96039 1.47308 1.58159 24.1758 0.406803 0.570549
33_1 1.21383 0.937937 0.973401 8.08234e-11 0.943244 -0.230869 0.99966 1.0 521.654 0.943145 0.945997 645.703 -0.231215 -0.221582
34_2 1.65554 2.10862 0.96991 0.00223555 1.96219 -0.0737587 0.943569 0.982 -1.56249 1.57664 2.3462 3.95374 -1.24028 0.999158
34_3 1.89503 1.46264 0.629245 0.109284 1.89173 0.13541 0.854583 0.809 0.00599216 0.734565 2.86255 0.8966 -2.49916 3.17812
35_1 1.39261 1.20787 0.927337 2.52673e-16 1.75597 0.292543 0.974448 1.0 -9.76258 1.68432 1.83127 19.3645 0.202937 0.385164
36_1 1.51184 0.576418 0.966816 1.15637e-05 1.84788 0.0929439 0.963701 1.0 -2.52095 1.57531 2.10023 2.84453 -0.245025 0.435572
36_2 1.75045 0.719032 0.936895 3.54205e-09 1.86221 0.145181 0.976486 1.0 -1.49635 1.71472 2.00203 4.8649 -0.0804906 0.383206
37_1 0.601493 -0.654925 0.927697 3.32771e-08 1.20104 -1.43842 0.884955 1.0 -7.4737 1.04556 1.36692 1.87934 -2.26295 -0.596591
38_1 1.18697 -0.366079 0.777629 5.69172e-14 1.7402 0.341813 0.968856 1.0 -17.092 1.67632 1.80435 -15.7606 0.256315 0.434452
39_1 1.04897 0.449135 0.717434 3.60358e-09 1.68619 0.424255 0.968465 1.0 -20.9424 1.63002 1.74836 0.540172 0.335626 0.512253
39_2 0.982089 -0.113897 0.656591 1.4831e-05 1.87661 0.0756266 0.959901 1.0 -10.9401 1.71192 2.04328 -1.60655 -0.159699 0.30559
39_3 1.0494 -0.178223 0.671546 9.83817e-06 1.91178 0.0160733 0.956038 1.0 -9.23498 1.72946 2.09537 -1.56813 -0.23389 0.255087
39_4 1.13465 -0.215686 0.805533 4.41745e-07 1.89706 0.04389 0.961791 1.0 -8.73835 1.73233 2.0677 -2.17338 -0.190832 0.278041
3_1 2.47063 -2.23158 0.796604 0.0416059 2.02038 -0.472029 0.708555 0.489 0.594003 0.518729 3.56465 -0.737245 -5.51593 4.1225
3_2 2.27184 -0.112104 0.982936 1.29937e-05 1.98345 -0.366822 0.899446 0.999 0.981794 1.41345 2.59979 0.357726 -1.90632 0.915926
41_1 1.29113 1.56664 0.900416 6.09847e-10 1.92753 0.10022 0.986756 1.0 -13.2616 1.83155 2.02201 12.498 -0.115873 0.325148
43_1 1.57199 -0.620056 0.89119 1.24187e-06 1.99058 -0.209823 0.944886 1.0 -2.78278 1.70243 2.27885 -0.879517 -1.10666 0.707669
44_1 1.39758 0.31494 0.740242 4.64332e-06 1.71602 0.65289 0.98399 1.0 -13.402 1.67261 1.7641 -7.30234 0.562818 0.74173
45_1 2.00762 -0.146209 0.932547 2.28377e-14 1.97425 -0.224312 0.938619 1.0 0.307236 1.75439 2.18564 0.31699 -0.708881 0.257035
45_2 1.39968 0.337452 0.909651 1.07272e-08 1.84616 0.136222 0.966705 1.0 -5.44054 1.67975 1.99955 1.80752 -0.0890568 0.352724
45_3 1.55986 0.866593 0.934635 1.63174e-23 1.88593 0.0405986 0.955126 1.0 -5.21862 1.75635 2.00993 8.46509 -0.15254 0.231787
46_1 1.09138 1.2867 0.35389 0.0413149 1.82516 -0.12782 0.640333 0.952 -1.70402 0.946693 2.63564 4.99412 -0.717869 0.422377
46_2 1.82658 0.704763 0.773106 7.49754e-05 1.88779 -0.13443 0.880888 1.0 -0.292695 1.47705 2.27763 3.83637 -0.600126 0.262866
46_3 1.67174 0.758521 0.56631 0.00473988 1.82453 -0.127219 0.727037 0.997 -0.440158 1.14374 2.50548 3.69613 -0.626098 0.313041
47_1 2.03918 -0.407169 0.953052 0.00437975 2.0002 -0.215279 0.971904 1.0 0.209679 1.64607 2.36966 -0.301611 -1.47689 1.01486
47_2 2.13314 -0.947918 0.971485 0.00206136 2.01378 -0.274655 0.969394 1.0 0.603748 1.60635 2.37159 -1.1229 -1.39839 0.932948
47_3 1.9211 -0.417567 0.967178 0.002549 2.00514 -0.249129 0.957125 0.997 -0.363281 1.56081 2.46868 -0.244053 -1.71853 1.04616
47_4 1.69858 0.220789 0.958753 0.00360025 2.01511 -0.274459 0.952491 1.0 -1.27727 1.52879 2.50647 0.663712 -1.764 1.22289
49_1 1.65558 0.679965 0.967208 1.45599e-15 1.97855 -0.142378 0.976901 1.0 -4.60041 1.84481 2.11637 4.1545 -0.542922 0.218731
49_11 1.59937 1.22866 0.915927 8.26995e-08 1.99905 -0.247399 0.968715 1.0 -3.81105 1.78979 2.2078 3.32756 -1.15143 0.617943
49_16 1.91031 -0.802132 0.961365 3.62033e-14 2.00004 -0.252493 0.960396 1.0 -0.967294 1.82307 2.18316 -1.447 -0.950075 0.481314
49_2 2.21067 -0.15504 0.930377 2.66497e-05 1.97922 -0.192519 0.940354 1.0 1.22896 1.61147 2.34302 0.0761647 -1.1318 0.754449
49_20 1.8432 0.213405 0.910557 3.46122e-08 1.99963 -0.246771 0.968876 1.0 -1.64499 1.81134 2.18401 1.4724 -0.856789 0.364829
49_21 1.6467 0.572816 0.821777 1.9378e-05 1.9918 -0.206136 0.959863 1.0 -2.74325 1.74841 2.22273 1.47994 -1.22944 0.836404
49_23 1.80468 0.841582 0.944451 0.000251989 1.98296 -0.173905 0.947829 1.0 -0.842784 1.58103 2.40415 1.30228 -1.67049 1.35159
49_26 1.42517 2.46707 0.854108 0.00291772 1.99427 -0.222434 0.972936 1.0 -3.67746 1.68367 2.305 3.97331 -1.53526 1.12018
49_27 1.59575 0.435377 0.909441 6.82274e-12 1.97633 -0.13569 0.969732 1.0 -4.96775 1.82119 2.12188 2.29594 -0.617207 0.345679
49_28 1.7271 0.709459 0.924211 1.17177e-08 2.00272 -0.233417 0.971975 1.0 -2.78652 1.79587 2.18897 2.3481 -1.00289 0.578248
49_29 1.64917 0.636423 0.822771 3.07902e-06 2.00442 -0.26059 0.937453 1.0 -2.59132 1.72581 2.27509 1.75132 -1.26196 0.758947
49_3 1.66426 0.500811 0.913047 2.87747e-08 1.98944 -0.186471 0.974287 1.0 -3.63559 1.82086 2.15869 2.4844 -0.747142 0.312614
49_30 1.6946 0.382096 0.954973 8.01948e-11 1.96612 -0.103638 0.979802 1.0 -3.58041 1.81759 2.11611 2.22851 -0.549764 0.30056
49_31 1.49319 1.32315 0.860106 5.41444e-10 1.99622 -0.212453 0.971449 1.0 -6.76333 1.84739 2.13703 6.18704 -0.708286 0.272888
49_32 1.55096 0.775187 0.869328 9.62043e-11 1.95362 -0.0875921 0.968519 1.0 -5.38242 1.8056 2.09962 4.64464 -0.467304 0.27302
49_33 1.61715 0.572939 0.677302 0.0120911 2.00442 -0.279367 0.915469 1.0 -1.56425 1.53922 2.50421 0.969442 -2.06401 1.35603
49_34 1.61305 0.915645 0.82944 0.00166124 1.99601 -0.243213 0.960089 1.0 -2.26803 1.6809 2.33362 2.07799 -1.39172 0.815694
49_36 1.53668 0.886074 0.919343 1.76016e-08 1.99671 -0.233779 0.970851 1.0 -4.73843 1.80802 2.18705 3.0751 -0.937271 0.472054
49_37 1.67261 1.01526 0.962152 1.26228e-10 1.98905 -0.181544 0.96952 1.0 -3.27882 1.80218 2.17642 3.36281 -0.878934 0.488086
49_4 1.43923 1.40081 0.853686 3.22057e-07 1.99449 -0.206899 0.966402 1.0 -5.5648 1.7975 2.18575 4.67278 -0.883594 0.474121
49_6 1.4878 1.39772 0.913482 1.50343e-11 1.99198 -0.191938 0.966709 1.0 -6.00318 1.82051 2.15361 5.4882 -0.743287 0.383627
49_8 1.85321 -0.442228 0.78382 4.71031e-07 1.99319 -0.203387 0.938409 1.0 -1.16148 1.74847 2.21268 -0.578848 -0.98664 0.59137
49_9 1.8041 0.334456 0.964541 9.12136e-14 1.99922 -0.217889 0.969301 1.0 -2.32935 1.84349 2.17056 1.49301 -0.972071 0.463136
4_1 1.55178 1.00819 0.938698 5.62902e-32 1.52253 0.609918 0.968872 1.0 2.36953 1.49863 1.54624 18.8706 0.569583 0.65208
4_2 1.54264 1.761 0.946538 0.0 1.40057 0.494961 0.956895 1.0 12.5816 1.37833 1.4211 60.6447 0.45297 0.535485
52_1 1.64562 1.15304 0.849899 0.00112228 1.74132 0.252494 0.971547 1.0 -0.922141 1.53596 1.94341 8.07083 0.0367354 0.471369
52_10 1.45948 1.27054 0.958479 2.27262e-05 1.53924 0.491426 0.960714 1.0 -1.53953 1.44173 1.63677 9.8553 0.332799 0.645691
52_11 1.51901 1.0956 0.966015 1.24263e-05 1.52403 0.478244 0.964942 1.0 -0.0911993 1.42614 1.63823 7.75468 0.322847 0.627895
52_12 1.27265 1.62713 0.884773 0.000500299 1.62527 0.418735 0.959605 1.0 -5.62978 1.51262 1.76054 13.651 0.261909 0.588877
52_13 1.13332 1.0922 0.784215 0.00799373 1.78731 0.0886099 0.934915 1.0 -3.38549 1.39013 2.18593 5.69852 -0.25142 0.448748
52_14 1.67517 1.14881 0.936184 0.00697773 1.76282 0.165206 0.962782 1.0 -0.471681 1.38127 2.14618 5.13034 -0.192635 0.558317
52_15 1.40564 1.23049 0.948164 0.00508889 1.83488 0.0383891 0.933516 0.974 -1.78145 1.34839 2.29136 3.58647 -0.646991 0.653018
52_2 1.48211 1.51005 0.916614 0.000703072 1.76835 0.277064 0.982483 1.0 -3.42815 1.60245 1.92952 13.3631 0.0921916 0.458508
52_3 1.62742 0.951416 0.932307 0.000414982 1.72966 0.315487 0.981311 1.0 -1.02157 1.53589 1.9256 5.8081 0.106691 0.535285
52_4 1.15556 1.53512 0.890857 0.000424105 1.80538 0.21437 0.980473 1.0 -7.0208 1.61958 1.97931 13.5094 0.0339182 0.40789
52_5 1.63764 0.923004 0.953409 0.000161811 1.69948 0.325779 0.97461 1.0 -0.68119 1.53033 1.88269 5.36096 0.115873 0.552678
52_6 1.3944 1.38546 0.856604 0.000975708 1.61683 0.405386 0.972304 1.0 -3.04898 1.47577 1.75598 10.7892 0.234725 0.582812
52_7 1.52784 1.47609 0.951817 3.56081e-05 1.68559 0.384366 0.981574 1.0 -2.38734 1.552 1.8213 13.7356 0.236126 0.546119
52_8 1.32451 -0.075221 0.499947 0.181724 1.9701 -0.44234 0.826483 0.742 -1.29057 0.88756 2.88719 0.43952 -2.17655 1.0863
52_9 1.41581 0.626791 0.857182 0.023971 1.94646 -0.398635 0.81677 0.708 -1.02208 0.953942 2.98173 1.12335 -2.26917 1.1692
54_1 1.37272 1.46499 0.944223 3.07192e-08 1.79092 0.408681 0.981973 1.0 -9.89436 1.70922 1.87551 15.3764 0.284502 0.53887
54_3 1.59312 0.843369 0.955848 1.70368e-09 1.85913 0.247892 0.981771 1.0 -4.94609 1.75276 1.9638 5.37657 0.0290938 0.468298
54_5 1.35428 0.766084 0.823294 7.45754e-06 1.90168 -0.121775 0.901836 1.0 -3.17762 1.56453 2.22987 4.23888 -0.54869 0.259588
54_6 1.42452 1.42348 0.958407 6.07855e-09 1.7995 0.347842 0.981411 1.0 -7.14829 1.69988 1.90598 11.8756 0.184615 0.535561
54_7 1.54621 1.30157 0.926417 8.26343e-06 1.80663 0.285136 0.975657 1.0 -3.94601 1.68086 1.93312 9.31296 0.0825468 0.494065
54_8 1.89078 0.316025 0.967769 5.07941e-08 1.97887 -0.272643 0.930601 1.0 -0.489055 1.63526 2.32035 1.70047 -0.994791 0.331645
54_9 1.96554 0.325349 0.964307 0.00289316 1.99323 -0.375508 0.963877 0.996 -0.131204 1.58455 2.38635 1.21039 -1.51259 0.68222
55_1 1.39556 1.4891 0.964096 0.00291907 1.81949 0.265842 0.979523 1.0 -3.72231 1.59949 2.03283 5.63189 -0.102526 0.729656
55_5 1.23224 1.19753 0.866917 0.0214919 1.97365 -0.11554 0.965934 0.999 -3.46666 1.54862 2.40342 2.74114 -1.11944 0.816641
56_1 1.09221 1.7429 0.309465 0.11983 1.99676 -0.290543 0.904932 1.0 -3.694 1.49729 2.49734 1.94035 -2.44763 1.77332
56_2 1.54501 2.05671 0.951978 3.52496e-05 1.98907 -0.629788 0.8921 0.998 -1.56764 1.48331 2.60104 1.75513 -4.21437 1.9159
5_1 1.50674 0.127874 0.906153 0.000948564 1.69039 0.182754 0.941693 1.0 -1.17835 1.36979 1.99313 -0.545581 -0.0149683 0.375035
5_2 1.40174 0.149398 0.940332 0.000301796 1.55204 0.237969 0.93854 1.0 -1.25089 1.31605 1.78394 -0.950753 0.0612076 0.422314
5_3 0.974603 0.629635 0.601701 0.0403896 1.70636 0.174183 0.929446 1.0 -3.97066 1.36483 2.07578 4.14153 -0.0396005 0.391055
7_1 1.48916 1.77966 0.96265 6.22457e-10 1.42134 0.425677 0.971213 1.0 1.81655 1.34991 1.49921 23.0816 0.308551 0.545869
7_2 1.66226 2.34856 0.951073 7.68741e-06 0.965513 -0.185474 0.983692 1.0 16.9194 0.888171 1.04717 24.8496 -0.383347 0.0149819
7_3 1.32573 0.977608 0.956666 1.07797e-22 1.35614 0.449287 0.963599 1.0 -1.67427 1.32315 1.39262 15.5737 0.385083 0.516184
7_4 1.29003 0.790829 0.980736 3.12547e-21 1.35098 0.578233 0.972739 1.0 -2.89955 1.31129 1.39406 4.71279 0.490293 0.667384
